0
0.00089946
0.0006061
0.00049494
0.00043609
0.00039928
0.00037368
0.00035444
0.00033903
0.00032599
0.00031443
0.00030378
0.00029367
0.00028387
0.00027425
0.00026472
0.00025527
0.00024592
0.00023671
0.0002277
0.00021897
0.00021059
0.00020267
0.00019527
0.00018849
0.00018239
0.00017705
0.00017251
0.00016882
0.00016602
0.00016414
0.00016319
0.00016318
0.00016412
0.00016598
0.00016876
0.00017242
0.00017695
0.0001823
0.00018843
0.00019527
0.00020278
0.00021087
0.00021948
0.0002285
0.00023783
0.00024738
0.00025701
0.0002666
0.000276
0.00028509
0.0002937
0.00030169
0.00030891
0.00031523
0.00032052
0.00032466
0.00032756
0.00032915
0.00032938
0.00032825
0.00032576
0.00032197
0.00031695
0.00031082
0.00030371
0.00029579
0.00028722
0.00027821
0.00026895
0.00025965
0.00025051
0.00024172
0.00023348
0.00022594
0.00021927
0.0002136
0.00020904
0.0002057
0.00020366
0.00020296
0.00020366
0.00020577
0.00020932
0.00021429
0.00022066
0.00022841
0.00023749
0.00024784
0.0002594
0.00027208
0.00028577
0.00030038
0.00031577
0.00033179
0.00034829
0.00036508
0.00038197
0.00039875
0.00041519
0.00043106
0.00044611
0.00046011
0.00047282
0.00048401
0.00049347
0.00050101
0.00050648
0.00050976
0.0005108
0.00050955
0.00050605
0.00050039
0.00049268
0.00048313
0.00047194
0.00045939
0.00044577
0.0004314
0.00041661
0.00040173
0.00038711
0.00037306
0.00035988
0.00034787
0.00033727
0.00032831
0.00032117
0.00031603
0.00031301
0.00031221
0.0003137
0.00031752
0.00032368
0.00033218
0.00034299
0.00035606
0.00037132
0.00038866
0.00040798
0.00042914
0.00045198
0.00047631
0.00050193
0.00052858
0.00055601
0.00058392
0.00061198
0.00063985
0.00066716
0.00069353
0.00071855
0.00074183
0.00076297
0.0007816
0.00079737
0.00080999
0.00081919
0.00082478
0.00082666
0.00082478
0.00081918
0.00081001
0.00079748
0.0007819
0.00076362
0.0007431
0.0007208
0.00069727
0.00067305
0.00064868
0.00062473
0.00060171
0.00058014
0.00056048
0.00054314
0.0005285
0.00051688
0.00050853
0.00050368
0.00050248
0.00050505
0.00051146
0.00052173
0.00053585
0.00055378
0.00057542
0.00060066
0.00062935
0.00066129
0.00069626
0.000734
0.00077419
0.00081649
0.0008605
0.00090578
0.00095186
0.00099818
0.0010442
0.0010893
0.0011328
0.0011741
0.0012125
0.0012474
0.0012782
0.0013043
0.0013251
0.0013403
0.0013496
0.0013528
0.0013498
0.0013406
0.0013256
0.001305
0.0012794
0.0012494
0.0012156
0.001179
0.0011403
0.0011004
0.0010604
0.001021
0.00098311
0.00094764
0.00091531
0.00088682
0.00086276
0.00084368
0.00082999
0.00082205
0.00082013
0.00082442
0.00083503
0.000852
0.00087532
0.0009049
0.00094061
0.00098224
0.0010295
0.0010822
0.0011399
0.001202
0.0012683
0.001338
0.0014105
0.0014852
0.0015611
0.0016374
0.0017132
0.0017875
0.0018592
0.0019272
0.0019905
0.002048
0.0020987
0.0021417
0.002176
0.0022011
0.0022164
0.0022217
0.0022167
0.0022017
0.0021769
0.0021431
0.0021009
0.0020515
0.001996
0.0019357
0.001872
0.0018064
0.0017405
0.0016757
0.0016134
0.001555
0.0015018
0.001455
0.0014154
0.001384
0.0013615
0.0013484
0.0013453
0.0013524
0.0013699
0.0013979
0.0014363
0.001485
0.0015438
0.0016124
0.0016902
0.001777
0.0018719
0.0019743
0.0020833
0.0021981
0.0023175
0.0024403
0.0025652
0.0026909
0.0028156
0.0029378
0.0030558
0.0031677
0.0032719
0.0033665
0.0034498
0.0035204
0.0035769
0.0036182
0.0036433
0.0036519
0.0036437
0.0036189
0.0035782
0.0035225
0.0034532
0.0033719
0.0032805
0.0031813
0.0030766
0.0029688
0.0028603
0.0027537
0.0026513
0.0025553
0.0024678
0.0023907
0.0023257
0.002274
0.002237
0.0022156
0.0022104
0.0022221
0.0022509
0.0022969
0.0023601
0.0024402
0.0025369
0.0026496
0.0027777
0.0029203
0.0030764
0.0032447
0.003424
0.0036127
0.0038089
0.0040108
0.0042162
0.0044226
0.0046276
0.0048283
0.0050221
0.005206
0.005377
0.0055323
0.0056691
0.005785
0.0058776
0.0059452
0.0059864
0.0060003
0.0059867
0.0059459
0.0058789
0.0057874
0.0056734
0.0055398
0.0053897
0.0052268
0.0050547
0.0048776
0.0046995
0.0045244
0.0043562
0.0041985
0.0040548
0.0039282
0.0038213
0.0037365
0.0036757
0.0036404
0.003632
0.0036511
0.0036983
0.0037738
0.0038775
0.0040091
0.0041678
0.0043529
0.0045632
0.0047972
0.0050533
0.0053296
0.0056238
0.0059333
0.0062552
0.0065864
0.0069231
0.0072616
0.0075976
0.0079267
0.0082442
0.0085453
0.0088254
0.0090796
0.0093036
0.009493
0.0096445
0.0097548
0.0098219
0.0098443
0.0098216
0.0097543
0.0096442
0.0094939
0.009307
0.0090879
0.0088418
0.0085747
0.0082927
0.0080025
0.0077106
0.0074237
0.007148
0.0068897
0.0066543
0.0064467
0.0062715
0.0061325
0.0060328
0.005975
0.005961
0.0059922
0.0060695
0.006193
0.0063628
0.0065781
0.0068379
0.0071408
0.0074849
0.0078679
0.008287
0.008739
0.0092202
0.0097263
0.010253
0.010794
0.011344
0.011897
0.012446
0.012983
0.013501
0.013993
0.014449
0.014864
0.015228
0.015537
0.015783
0.015962
0.01607
0.016105
0.016067
0.015956
0.015776
0.01553
0.015224
0.014866
0.014464
0.014028
0.013567
0.013093
0.012617
0.012149
0.011699
0.011277
0.010893
0.010554
0.010268
0.010041
0.009878
0.0097834
0.0097603
0.0098109
0.0099365
0.010138
0.010414
0.010765
0.011188
0.011682
0.012242
0.012866
0.013548
0.014284
0.015067
0.015891
0.016747
0.017627
0.018521
0.019419
0.02031
0.021181
0.022021
0.022817
0.023557
0.024227
0.024816
0.025313
0.025709
0.025997
0.026169
0.026223
0.026159
0.025976
0.025681
0.02528
0.024782
0.0242
0.023547
0.022839
0.022092
0.021323
0.020551
0.019791
0.019061
0.018378
0.017754
0.017205
0.016741
0.016372
0.016107
0.015953
0.015915
0.015996
0.016199
0.016524
0.016971
0.017538
0.018222
0.01902
0.019925
0.020933
0.022035
0.023224
0.024487
0.025816
0.027196
0.028614
0.030053
0.031498
0.03293
0.034329
0.035677
0.036953
0.038136
0.039206
0.040146
0.040937
0.041566
0.042019
0.042288
0.042367
0.042255
0.041956
0.041476
0.040826
0.040023
0.039086
0.038035
0.036897
0.035696
0.034462
0.033222
0.032002
0.030831
0.029734
0.028733
0.027851
0.027105
0.026512
0.026086
0.025837
0.025774
0.025902
0.026224
0.026742
0.027455
0.028361
0.029453
0.030727
0.032173
0.033781
0.035539
0.037432
0.039445
0.041559
0.043753
0.046004
0.048288
0.050577
0.052842
0.055053
0.057178
0.059186
0.061044
0.062722
0.06419
0.065422
0.066395
0.06709
0.067494
0.067598
0.067403
0.066913
0.066139
0.0651
0.063822
0.062332
0.060668
0.058866
0.056969
0.055018
0.05306
0.051135
0.049286
0.047554
0.045974
0.044579
0.0434
0.042462
0.041786
0.041389
0.041283
0.041479
0.04198
0.04279
0.043905
0.045322
0.047033
0.049027
0.051289
0.053803
0.05655
0.059505
0.062643
0.065934
0.069345
0.072839
0.076377
0.079916
0.083411
0.086813
0.090076
0.093149
0.095983
0.098532
0.10075
0.1026
0.10405
0.10507
0.10564
0.10576
0.10541
0.10461
0.10338
0.10176
0.099762
0.09745
0.094874
0.092092
0.089167
0.086164
0.08315
0.080189
0.077346
0.074681
0.072249
0.070102
0.068285
0.066835
0.065787
0.065165
0.06499
0.065275
0.066029
0.067253
0.068944
0.071094
0.073691
0.076716
0.080147
0.083956
0.088112
0.092577
0.097309
0.10226
0.10738
0.11262
0.1179
0.12317
0.12836
0.13339
0.13819
0.14269
0.14683
0.15052
0.15371
0.15635
0.15838
0.15978
0.16051
0.16056
0.15994
0.15867
0.15677
0.15429
0.15128
0.14782
0.14397
0.13984
0.1355
0.13105
0.12659
0.12221
0.11801
0.11407
0.11047
0.10729
0.1046
0.10244
0.10087
0.099928
0.09964
0.10003
0.1011
0.10286
0.1053
0.10841
0.11217
0.11655
0.12151
0.12702
0.13301
0.13943
0.14622
0.1533
0.1606
0.16803
0.1755
0.18292
0.19018
0.19718
0.20383
0.21001
0.21565
0.22064
0.2249
0.22836
0.23097
0.23268
0.23346
0.23331
0.23223
0.23026
0.22743
0.22382
0.21951
0.21458
0.20915
0.20333
0.19725
0.19103
0.1848
0.17869
0.17283
0.16733
0.1623
0.15785
0.15407
0.15103
0.1488
0.14743
0.14696
0.14743
0.14884
0.15119
0.15448
0.15869
0.16377
0.16969
0.17639
0.1838
0.19185
0.20045
0.20951
0.21893
0.22858
0.23836
0.24812
0.25776
0.26712
0.27608
0.28451
0.29228
0.29927
0.30537
0.31049
0.31455
0.31749
0.31925
0.31983
0.31923
0.31745
0.31456
0.31062
0.30571
0.29994
0.29343
0.28631
0.27872
0.27083
0.26278
0.25474
0.24687
0.23931
0.23221
0.22572
0.21996
0.21505
0.21107
0.20812
0.20626
0.20555
0.20601
0.20767
0.21051
0.21454
0.2197
0.22596
0.23324
0.24147
0.25056
0.26041
0.27088
0.28186
0.2932
0.30476
0.31638
0.3279
0.33916
0.35
0.36027
0.36981
0.37848
0.38616
0.39273
0.39809
0.40218
0.40493
0.40633
0.40635
0.40502
0.40239
0.39851
0.39346
0.38736
0.38032
0.37249
0.36401
0.35505
0.34576
0.33633
0.32694
0.31774
0.30892
0.30064
0.29304
0.28628
0.28048
0.27575
0.27219
0.26987
0.26885
0.26917
0.27085
0.27387
0.27822
0.28385
0.29069
0.29867
0.30768
0.31759
0.32829
0.33963
0.35144
0.36356
0.37582
0.38804
0.40004
0.41165
0.42269
0.43301
0.44246
0.45089
0.45819
0.46427
0.46904
0.47244
0.47446
0.47507
0.47429
0.47215
0.46872
0.46406
0.45828
0.45149
0.44381
0.43537
0.42634
0.41686
0.4071
0.39723
0.38742
0.37783
0.36864
0.35999
0.35204
0.34494
0.33881
0.33375
0.32988
0.32726
0.32596
0.326
0.32741
0.33017
0.33425
0.3396
0.34615
0.3538
0.36243
0.37193
0.38213
0.39289
0.40404
0.4154
0.4268
0.43805
0.44899
0.45945
0.46926
0.47829
0.48641
0.4935
0.49948
0.50426
0.5078
0.51006
0.51105
0.51076
0.50923
0.50651
0.50265
0.49774
0.49187
0.48514
0.47767
0.46958
0.461
0.45206
0.44291
0.4337
0.42455
0.41563
0.40707
0.39901
0.39158
0.3849
0.3791
0.37426
0.37047
0.36781
0.36632
0.36604
0.36697
0.3691
0.37241
0.37683
0.38229
0.38871
0.39597
0.40394
0.41248
0.42146
0.43071
0.44007
0.44939
0.45851
0.46729
0.47557
0.48324
0.49018
0.49629
0.50149
0.50571
0.50893
0.5111
0.51221
0.51228
0.51132
0.50938
0.50649
0.50272
0.49814
0.49283
0.48686
0.48034
0.47335
0.46601
0.45842
0.45068
0.44291
0.43521
0.42771
0.4205
0.41371
0.40742
0.40175
0.39677
0.39257
0.38921
0.38676
0.38524
0.38469
0.38512
0.3865
0.38881
0.39201
0.39603
0.40078
0.40619
0.41214
0.41851
0.42518
0.43202
0.43892
0.44573
0.45234
0.45864
0.46451
0.46987
0.47463
0.47873
0.48211
0.48474
0.48659
0.48765
0.48792
0.48741
0.48615
0.48418
0.48152
0.47824
0.47438
0.47
0.46517
0.45996
0.45443
0.44865
0.44271
0.43669
0.43065
0.42468
0.41886
0.41326
0.40797
0.40306
0.3986
0.39465
0.39128
0.38852
0.38643
0.38503
0.38434
0.38436
0.38509
0.38649
0.38854
0.39118
0.39435
0.39799
0.402
0.40631
0.41081
0.41542
0.42005
0.42459
0.42896
0.43309
0.43689
0.44031
0.44329
0.44578
0.44776
0.4492
0.45008
0.45042
0.4502
0.44945
0.44819
0.44644
0.44423
0.44159
0.43858
0.43522
0.43156
0.42765
0.42353
0.41926
0.41489
0.41046
0.40603
0.40166
0.3974
0.39329
0.3894
0.38577
0.38245
0.37949
0.37692
0.37478
0.3731
0.37189
0.37117
0.37094
0.3712
0.37192
0.37308
0.37465
0.37657
0.37881
0.38131
0.38399
0.3868
0.38968
0.39255
0.39536
0.39805
0.40055
0.40283
0.40485
0.40656
0.40794
0.40897
0.40964
0.40994
0.40988
0.40945
0.40867
0.40756
0.40613
0.4044
0.4024
0.40015
0.39768
0.39503
0.39221
0.38927
0.38623
0.38312
0.37999
0.37686
0.37377
0.37075
0.36784
0.36508
0.36249
0.3601
0.35795
0.35606
0.35445
0.35314
0.35215
0.35147
0.35112
0.35109
0.35137
0.35193
0.35276
0.35383
0.3551
0.35653
0.35808
0.35972
0.36139
0.36306
0.36468
0.36622
0.36764
0.3689
0.37
0.37089
0.37157
0.37202
0.37224
0.37223
0.37197
0.37149
0.37078
0.36986
0.36874
0.36744
0.36596
0.36433
0.36256
0.36067
0.35869
0.35662
0.3545
0.35234
0.35016
0.34799
0.34585
0.34375
0.34172
0.33979
0.33797
0.33627
0.33474
0.33336
0.33217
0.33117
0.33037
0.32978
0.3294
0.32921
0.32923
0.32943
0.32979
0.33031
0.33096
0.33171
0.33253
0.33341
0.33431
0.33521
0.33608
0.33689
0.33762
0.33826
0.33879
0.33919
0.33946
0.33958
0.33955
0.33938
0.33906
0.3386
0.33799
0.33726
0.3364
0.33542
0.33434
0.33317
0.33191
0.33057
0.32918
0.32774
0.32627
0.32477
0.32326
0.32176
0.32028
0.31882
0.31741
0.31606
0.31478
0.31359
0.31249
0.31149
0.31061
0.30985
0.30921
0.30871
0.30833
0.30808
0.30796
0.30795
0.30805
0.30824
0.30851
0.30885
0.30923
0.30965
0.31008
0.3105
0.31091
0.31129
0.31161
0.31188
0.31208
0.3122
0.31223
0.31218
0.31203
0.31179
0.31147
0.31105
0.31055
0.30997
0.30931
0.30858
0.30778
0.30693
0.30603
0.30508
0.3041
0.30309
0.30205
0.30101
0.29996
0.29891
0.29787
0.29686
0.29587
0.29492
0.29401
0.29315
0.29236
0.29163
0.29097
0.29038
0.28988
0.28945
0.28911
0.28884
0.28865
0.28854
0.28848
0.28849
0.28855
0.28865
0.28877
0.28892
0.28908
0.28923
0.28937
0.2895
0.28959
0.28964
0.28966
0.28962
0.28953
0.28939
0.2892
0.28894
0.28864
0.28827
0.28786
0.2874
0.28689
0.28633
0.28574
0.28511
0.28446
0.28377
0.28307
0.28234
0.28161
0.28086
0.28012
0.27938
0.27864
0.27792
0.27721
0.27653
0.27587
0.27525
0.27466
0.27412
0.27362
0.27316
0.27275
0.2724
0.27209
0.27183
0.27162
0.27145
0.27133
0.27124
0.27118
0.27114
0.27113
0.27112
0.27113
0.27113
0.27112
0.2711
0.27107
0.27101
0.27093
0.27081
0.27067
0.27049
0.27028
0.27003
0.26976
0.26944
0.2691
0.26873
0.26833
0.2679
0.26745
0.26698
0.26649
0.26598
0.26546
0.26493
0.2644
0.26386
0.26331
0.26277
0.26224
0.26171
0.26119
0.26069
0.26021
0.25974
0.2593
0.25888
0.25849
0.25813
0.2578
0.2575
0.25723
0.25699
0.25677
0.25659
0.25643
0.25629
0.25618
0.25607
0.25598
0.2559
0.25582
0.25574
0.25566
0.25557
0.25547
0.25535
0.25522
0.25507
0.2549
0.25472
0.25451
0.25428
0.25403
0.25376
0.25348
0.25317
0.25285
0.25251
0.25216
0.2518
0.25142
0.25104
0.25065
0.25025
0.24984
0.24944
0.24903
0.24863
0.24823
0.24783
0.24744
0.24706
0.24669
0.24634
0.24599
0.24567
0.24536
0.24506
0.24479
0.24453
0.24429
0.24408
0.24387
0.24369
0.24352
0.24337
0.24322
0.24309
0.24296
0.24284
0.24272
0.24261
0.24248
0.24236
0.24223
0.24209
0.24194
0.24178
0.24161
0.24142
0.24123
0.24102
0.2408
0.24057
0.24033
0.24007
0.23981
0.23953
0.23925
0.23896
0.23867
0.23837
0.23806
0.23775
0.23744
0.23713
0.23682
0.2365
0.23619
0.23589
0.23559
0.23529
0.235
0.23472
0.23444
0.23418
0.23392
0.23368
0.23345
0.23323
0.23302
0.23282
0.23264
0.23246
0.2323
0.23214
0.23199
0.23185
0.23171
0.23157
0.23143
0.2313
0.23116
0.23102
0.23088
0.23074
0.23058
0.23042
0.23026
0.23009
0.22991
0.22972
0.22952
0.22932
0.22911
0.2289
0.22868
0.22845
0.22822
0.22799
0.22775
0.2275
0.22726
0.22701
0.22676
0.22651
0.22626
0.22602
0.22577
0.22552
0.22528
0.22504
0.22481
0.22458
0.22435
0.22414
0.22392
0.22372
0.22352
0.22333
0.22315
0.22297
0.2228
0.22264
0.22248
0.22233
0.22218
0.22203
0.22189
0.22175
0.22162
0.22148
0.22134
0.2212
0.22106
0.22091
0.22077
0.22061
0.22046
0.2203
0.22013
0.21997
0.21979
0.21962
0.21943
0.21925
0.21906
0.21887
0.21868
0.21848
0.21828
0.21808
0.21788
0.21767
0.21747
0.21726
0.21706
0.21686
0.21665
0.21645
0.21625
0.21605
0.21586
0.21567
0.21548
0.2153
0.21511
0.21494
0.21477
0.2146
0.21444
0.21428
0.21412
0.21397
0.21382
0.21368
0.21354
0.2134
0.21327
0.21313
0.213
0.21286
0.21273
0.21259
0.21246
0.21232
0.21218
0.21204
0.21189
0.21175
0.2116
0.21144
0.21129
0.21113
0.21097
0.21081
0.21065
0.21049
0.21032
0.21015
0.20998
0.20981
0.20964
0.20947
0.2093
0.20912
0.20895
0.20878
0.20861
0.20844
0.20827
0.2081
0.20794
0.20777
0.20761
0.20745
0.20729
0.20714
0.20699
0.20684
0.20669
0.20655
0.20641
0.20627
0.20614
0.206
0.20587
0.20574
0.20561
0.20549
0.20536
0.20523
0.2051
0.20498
0.20485
0.20472
0.20459
0.20446
0.20432
0.20419
0.20406
0.20392
0.20378
0.20364
0.2035
0.20336
0.20321
0.20307
0.20292
0.20278
0.20263
0.20248
0.20233
0.20218
0.20204
0.20189
0.20174
0.20159
0.20144
0.2013
0.20115
0.20101
0.20086
0.20072
0.20058
0.20044
0.2003
0.20017
0.20003
0.1999
0.19977
0.19964
0.19951
0.19938
0.19926
0.19914
0.19901
0.19889
0.19877
0.19865
0.19853
0.19841
0.19829
0.19818
0.19806
0.19794
0.19782
0.19769
0.19757
0.19745
0.19733
0.1972
0.19708
0.19695
0.19682
0.1967
0.19657
0.19644
0.19631
0.19618
0.19605
0.19592
0.19579
0.19566
0.19553
0.1954
0.19527
0.19514
0.19501
0.19488
0.19475
0.19463
0.1945
0.19437
0.19425
0.19412
0.194
0.19388
0.19376
0.19364
0.19352
0.1934
0.19329
0.19317
0.19306
0.19294
0.19283
0.19272
0.1926
0.19249
0.19238
0.19227
0.19216
0.19205
0.19194
0.19183
0.19172
0.19161
0.19149
0.19138
0.19127
0.19116
0.19104
0.19093
0.19081
0.1907
0.19058
0.19047
0.19035
0.19024
0.19012
0.19
0.18989
0.18977
0.18966
0.18954
0.18942
0.18931
0.18919
0.18908
0.18896
0.18885
0.18874
0.18862
0.18851
0.1884
0.18829
0.18818
0.18807
0.18796
0.18785
0.18774
0.18764
0.18753
0.18742
0.18732
0.18722
0.18711
0.18701
0.1869
0.1868
0.1867
0.1866
0.18649
0.18639
0.18629
0.18619
0.18608
0.18598
0.18588
0.18577
0.18567
0.18557
0.18546
0.18536
0.18525
0.18515
0.18504
0.18494
0.18483
0.18473
0.18462
0.18452
0.18441
0.18431
0.18421
0.1841
0.184
0.18389
0.18379
0.18369
0.18358
0.18348
0.18338
0.18328
0.18317
0.18307
0.18297
0.18287
0.18277
0.18267
0.18257
0.18248
0.18238
0.18228
0.18218
0.18209
0.18199
0.1819
0.1818
0.18171
0.18161
0.18151
0.18142
0.18132
0.18123
0.18113
0.18104
0.18094
0.18085
0.18075
0.18066
0.18056
0.18047
0.18037
0.18028
0.18018
0.18009
0.17999
0.17989
0.1798
0.1797
0.17961
0.17951
0.17942
0.17932
0.17923
0.17913
0.17904
0.17894
0.17885
0.17875
0.17866
0.17857
0.17847
0.17838
0.17829
0.17819
0.1781
0.17801
0.17792
0.17783
0.17774
0.17765
0.17756
0.17747
0.17738
0.17729
0.1772
0.17711
0.17702
0.17694
0.17685
0.17676
0.17667
0.17658
0.17649
0.17641
0.17632
0.17623
0.17614
0.17605
0.17597
0.17588
0.17579
0.1757
0.17561
0.17553
0.17544
0.17535
0.17526
0.17517
0.17509
0.175
0.17491
0.17482
0.17474
0.17465
0.17456
0.17448
0.17439
0.1743
0.17422
0.17413
0.17404
0.17396
0.17387
0.17379
0.1737
0.17362
0.17353
0.17345
0.17337
0.17328
0.1732
0.17312
0.17303
0.17295
0.17287
0.17278
0.1727
0.17262
0.17254
0.17246
0.17237
0.17229
0.17221
0.17213
0.17205
0.17196
0.17188
0.1718
0.17171
0.17163
0.17155
0.17147
0.17138
0.1713
0.17122
0.17114
0.17106
0.17098
0.17089
0.17081
0.17073
0.17065
0.17057
0.17049
0.17041
0.17032
0.17024
0.17016
0.17008
0.17
0.16992
0.16984
0.16976
0.16968
0.1696
0.16952
0.16944
0.16936
0.16929
0.16921
0.16913
0.16905
0.16898
0.1689
0.16882
0.16874
0.16867
0.16859
0.16852
0.16844
0.16836
0.16829
0.16821
0.16814
0.16806
0.16798
0.16791
0.16783
0.16776
0.16768
0.1676
0.16753
0.16745
0.16738
0.1673
0.16722
0.16715
0.16707
0.16699
0.16692
0.16684
0.16677
0.16669
0.16661
0.16654
0.16646
0.16639
0.16631
0.16623
0.16616
0.16608
0.16601
0.16593
0.16586
0.16578
0.16571
0.16564
0.16556
0.16549
0.16542
0.16534
0.16527
0.1652
0.16513
0.16506
0.16499
0.16492
0.16485
0.16478
0.1647
0.16463
0.16456
0.16449
0.16442
0.16435
0.16428
0.16421
0.16414
0.16407
0.164
0.16393
0.16386
0.16379
0.16372
0.16364
0.16357
0.1635
0.16343
0.16336
0.16328
0.16321
0.16314
0.16307
0.163
0.16292
0.16285
0.16278
0.16271
0.16263
0.16256
0.16249
0.16242
0.16235
0.16228
0.16221
0.16214
0.16207
0.162
0.16193
0.16186
0.1618
0.16173
0.16166
0.1616
0.16153
0.16147
0.1614
0.16134
0.16127
0.16121
0.16114
0.16108
0.16101
0.16095
0.16088
0.16082
0.16075
0.16069
0.16062
0.16055
0.16049
0.16042
0.16035
0.16029
0.16022
0.16015
0.16008
0.16001
0.15994
0.15987
0.1598
0.15973
0.15966
0.1596
0.15953
0.15946
0.15939
0.15932
0.15925
0.15918
0.15911
0.15904
0.15897
0.1589
0.15884
0.15877
0.1587
0.15864
0.15857
0.15851
0.15845
0.15839
0.15832
0.15826
0.1582
0.15814
0.15808
0.15802
0.15797
0.15791
0.15785
0.15779
0.15773
0.15767
0.15761
0.15755
0.15749
0.15743
0.15737
0.15731
0.15724
0.15718
0.15712
0.15705
0.15699
0.15692
0.15685
0.15679
0.15672
0.15665
0.15658
0.15652
0.15645
0.15638
0.15631
0.15624
0.15617
0.1561
0.15603
0.15596
0.1559
0.15583
0.15576
0.1557
0.15563
0.15557
0.1555
0.15544
0.15538
0.15532
0.15526
0.15521
0.15515
0.15509
0.15504
0.15499
0.15493
0.15488
0.15483
0.15477
0.15472
0.15467
0.15462
0.15456
0.15451
0.15445
0.1544
0.15434
0.15428
0.15423
0.15417
0.15411
0.15404
0.15398
0.15392
0.15385
0.15379
0.15372
0.15365
0.15359
0.15352
0.15345
0.15338
0.15331
0.15324
0.15317
0.15309
0.15302
0.15295
0.15288
0.15281
0.15275
0.15268
0.15261
0.15255
0.15249
0.15242
0.15236
0.15231
0.15225
0.1522
0.15214
0.15209
0.15205
0.152
0.15195
0.1519
0.15186
0.15181
0.15177
0.15173
0.15168
0.15163
0.15159
0.15154
0.15149
0.15144
0.15139
0.15134
0.15128
0.15122
0.15117
0.15111
0.15104
0.15098
0.15092
0.15085
0.15078
0.15071
0.15064
0.15057
0.15049
0.15042
0.15034
0.15027
0.15019
0.15011
0.15004
0.14996
0.14989
0.14981
0.14974
0.14967
0.1496
0.14954
0.14947
0.14941
0.14935
0.1493
0.14924
0.1492
0.14915
0.14911
0.14906
0.14902
0.14899
0.14895
0.14892
0.14888
0.14885
0.14881
0.14878
0.14874
0.1487
0.14867
0.14862
0.14858
0.14853
0.14849
0.14843
0.14838
0.14832
0.14826
0.1482
0.14813
0.14806
0.14799
0.14792
0.14784
0.14776
0.14768
0.1476
0.14751
0.14743
0.14734
0.14725
0.14716
0.14708
0.14699
0.1469
0.14682
0.14674
0.14666
0.14659
0.14651
0.14645
0.14638
0.14633
0.14627
0.14622
0.14618
0.14614
0.14611
0.14608
0.14605
0.14602
0.146
0.14598
0.14596
0.14594
0.14592
0.1459
0.14588
0.14586
0.14583
0.1458
0.14576
0.14572
0.14568
0.14563
0.14558
0.14552
0.14546
0.14539
0.14532
0.14524
0.14516
0.14507
0.14498
0.14489
0.14479
0.14469
0.14458
0.14448
0.14437
0.14426
0.14415
0.14405
0.14394
0.14383
0.14373
0.14364
0.14354
0.14345
0.14337
0.1433
0.14323
0.14317
0.14312
0.14307
0.14303
0.14301
0.14298
0.14297
0.14296
0.14295
0.14295
0.14296
0.14296
0.14296
0.14296
0.14297
0.14296
0.14296
0.14295
0.14293
0.14291
0.14288
0.14284
0.14279
0.14274
0.14268
0.14261
0.14253
0.14245
0.14236
0.14226
0.14215
0.14203
0.14191
0.14179
0.14165
0.14152
0.14138
0.14124
0.14109
0.14095
0.1408
0.14066
0.14052
0.14039
0.14026
0.14014
0.14003
0.13993
0.13984
0.13976
0.1397
0.13964
0.1396
0.13958
0.13956
0.13956
0.13957
0.13959
0.13961
0.13964
0.13968
0.13972
0.13976
0.1398
0.13983
0.13986
0.13988
0.1399
0.1399
0.1399
0.13988
0.13985
0.13981
0.13976
0.13969
0.13961
0.13952
0.13941
0.13929
0.13916
0.13901
0.13886
0.13869
0.13851
0.13833
0.13814
0.13794
0.13774
0.13753
0.13733
0.13712
0.13692
0.13673
0.13654
0.13636
0.1362
0.13605
0.13591
0.13579
0.1357
0.13562
0.13557
0.13553
0.13552
0.13553
0.13556
0.1356
0.13566
0.13574
0.13582
0.13591
0.13601
0.1361
0.1362
0.13628
0.13636
0.13643
0.13649
0.13653
0.13655
0.13656
0.13654
0.1365
0.13645
0.13637
0.13627
0.13614
0.136
0.13583
0.13564
0.13544
0.13521
0.13497
0.13471
0.13444
0.13415
0.13386
0.13356
0.13325
0.13295
0.13264
0.13234
0.13205
0.13177
0.13151
0.13127
0.13106
0.13087
0.1307
0.13058
0.13048
0.13042
0.1304
0.13041
0.13045
0.13053
0.13063
0.13076
0.13091
0.13108
0.13126
0.13145
0.13163
0.13181
0.13199
0.13215
0.13229
0.13241
0.13251
0.13258
0.13261
0.13262
0.13259
0.13252
0.13242
0.13228
0.13211
0.1319
0.13166
0.13138
0.13107
0.13073
0.13036
0.12997
0.12955
0.12911
0.12866
0.1282
0.12772
0.12725
0.12678
0.12632
0.12587
0.12545
0.12505
0.12469
0.12436
0.12408
0.12384
0.12366
0.12354
0.12347
0.12346
0.12351
0.12361
0.12376
0.12396
0.1242
0.12448
0.12478
0.1251
0.12543
0.12576
0.12609
0.1264
0.12669
0.12696
0.12718
0.12737
0.1275
0.12759
0.12763
0.12761
0.12753
0.12739
0.12719
0.12694
0.12662
0.12625
0.12583
0.12535
0.12482
0.12425
0.12363
0.12298
0.12229
0.12158
0.12085
0.12011
0.11937
0.11863
0.1179
0.11721
0.11654
0.11592
0.11536
0.11485
0.11442
0.11407
0.11381
0.11363
0.11355
0.11356
0.11366
0.11386
0.11413
0.11449
0.1149
0.11538
0.1159
0.11645
0.11701
0.11758
0.11814
0.11868
0.11918
0.11963
0.12002
0.12035
0.1206
0.12077
0.12086
0.12085
0.12075
0.12055
0.12026
0.11987
0.11938
0.11881
0.11814
0.11739
0.11656
0.11565
0.11468
0.11365
0.11256
0.11144
0.11028
0.10911
0.10793
0.10676
0.10562
0.10452
0.10347
0.1025
0.10161
0.10083
0.10016
0.099626
0.099227
0.098974
0.098872
0.09892
0.099117
0.099457
0.099932
0.10053
0.10123
0.10202
0.10289
0.1038
0.10474
0.10568
0.10661
0.1075
0.10833
0.10909
0.10975
0.1103
0.11073
0.11103
0.11119
0.11121
0.11107
0.11078
0.11033
0.10973
0.10897
0.10807
0.10703
0.10584
0.10453
0.1031
0.10156
0.09993
0.098215
0.096435
0.094609
0.092756
0.090898
0.089057
0.087258
0.085526
0.083886
0.082364
0.080984
0.07977
0.078744
0.077924
0.077325
0.076959
0.076831
0.076943
0.077291
0.077867
0.078654
0.079635
0.080784
0.082075
0.083476
0.084954
0.086474
0.088002
0.089503
0.090943
0.092291
0.093517
0.094594
0.0955
0.096213
0.096716
0.096997
0.097044
0.096851
0.096413
0.095728
0.094799
0.093629
0.092223
0.09059
0.088742
0.08669
0.084452
0.082044
0.079488
0.076808
0.074029
0.07118
0.068293
0.065402
0.062543
0.059755
0.057077
0.054549
0.052209
0.050097
0.048249
0.046697
0.045468
0.044587
0.044068
0.043921
0.044148
0.04474
0.045683
0.046954
0.048523
0.050351
0.052396
0.05461
0.056941
0.059337
0.061743
0.064107
0.066375
0.068499
0.070433
0.072137
0.073573
0.07471
0.075522
0.075988
0.07609
0.075819
0.075168
0.074135
0.072721
0.070934
0.068783
0.066283
0.063451
0.060308
0.05688
0.053196
0.04929
0.045199
0.040964
0.036632
0.032251
0.027875
0.02356
0.019364
0.015348
0.011571
0.0080921
0.0049685
0.0022529
-7.4191e-06
-0.0017724
-0.0030102
-0.003699
-0.0038277
-0.0033967
-0.0024185
-0.00091738
0.0010707
0.0034991
0.0063114
0.0094429
0.012822
0.016374
0.020017
0.023674
0.027263
0.030708
0.033936
0.036879
0.039476
0.041671
0.043417
0.044674
0.045412
0.045605
0.045237
0.044298
0.042788
0.040708
0.038071
0.034892
0.031195
0.027008
0.022365
0.017308
0.011881
0.0061386
0.00013811
-0.0060559
-0.012374
-0.01874
-0.025075
-0.031296
-0.037316
-0.04305
-0.048412
-0.053316
-0.057685
-0.061447
-0.064536
-0.066902
-0.068502
-0.069312
-0.06932
-0.068531
-0.066968
-0.064668
-0.061686
-0.058088
-0.053956
-0.049382
-0.044466
-0.039317
-0.034043
-0.028759
-0.023575
-0.018599
-0.013935
-0.0096782
-0.0059156
-0.0027254
-0.00017492
0.0016793
0.0027918
0.0031283
0.0026655
0.0013908
-0.00069817
-0.0035935
-0.0072778
-0.011724
-0.016897
-0.022751
-0.029233
-0.03628
-0.043821
-0.051778
-0.060062
-0.068579
-0.077226
-0.085897
-0.094477
-0.10285
-0.1109
-0.11851
-0.12557
-0.13196
-0.13758
-0.14236
-0.1462
-0.14905
-0.15086
-0.15161
-0.1513
-0.14994
-0.14756
-0.14422
-0.14
-0.13498
-0.12929
-0.12303
-0.11635
-0.10937
-0.10225
-0.095119
-0.088134
-0.081432
-0.075145
-0.0694
-0.06431
-0.059979
-0.056495
-0.053933
-0.052355
-0.051804
-0.052312
-0.053894
-0.056551
-0.060268
-0.06502
-0.070764
-0.077447
-0.085002
-0.09335
-0.1024
-0.11205
-0.12219
-0.1327
-0.14344
-0.15428
-0.16507
-0.17567
-0.18593
-0.19569
-0.20483
-0.2132
-0.22068
-0.22716
-0.23253
-0.23672
-0.23966
-0.24133
-0.24171
-0.2408
-0.23863
-0.23527
-0.23078
-0.22527
-0.21884
-0.21164
-0.20379
-0.19546
-0.18682
-0.17802
-0.16923
-0.16064
-0.15239
-0.14465
-0.13756
-0.13127
-0.12588
-0.12152
-0.11827
-0.1162
-0.11536
-0.1158
-0.11753
-0.12055
-0.12483
-0.13034
-0.13701
-0.14479
-0.15356
-0.16324
-0.17369
-0.18479
-0.19639
-0.20833
-0.22046
-0.2326
-0.24458
-0.25623
-0.26739
-0.27789
-0.28758
-0.29631
-0.30397
-0.31044
-0.31564
-0.3195
-0.32197
-0.32304
-0.3227
-0.32099
-0.31796
-0.31367
-0.30822
-0.30171
-0.29428
-0.28606
-0.27721
-0.26788
-0.25826
-0.2485
-0.23878
-0.22928
-0.22017
-0.21161
-0.20376
-0.19676
-0.19074
-0.18581
-0.18207
-0.1796
-0.17846
-0.17868
-0.18029
-0.18326
-0.18758
-0.19319
-0.20003
-0.208
-0.217
-0.2269
-0.23755
-0.2488
-0.2605
-0.27246
-0.2845
-0.29645
-0.30813
-0.31936
-0.32998
-0.33983
-0.34876
-0.35666
-0.36342
-0.36895
-0.37318
-0.37607
-0.37761
-0.37779
-0.37663
-0.37418
-0.3705
-0.36567
-0.35979
-0.35295
-0.34529
-0.33694
-0.32804
-0.31874
-0.30918
-0.29954
-0.28996
-0.28061
-0.27164
-0.26321
-0.25544
-0.24849
-0.24247
-0.23749
-0.23364
-0.23099
-0.2296
-0.22951
-0.23072
-0.23322
-0.23699
-0.24196
-0.24807
-0.25522
-0.26329
-0.27216
-0.28167
-0.29168
-0.30202
-0.31252
-0.32301
-0.33332
-0.34329
-0.35277
-0.3616
-0.36966
-0.37684
-0.38304
-0.38818
-0.3922
-0.39507
-0.39676
-0.39728
-0.39664
-0.39488
-0.39204
-0.38819
-0.38341
-0.37777
-0.37138
-0.36434
-0.35676
-0.34875
-0.34044
-0.33195
-0.32342
-0.31496
-0.30671
-0.29879
-0.29133
-0.28444
-0.27824
-0.27283
-0.2683
-0.26472
-0.26216
-0.26067
-0.26026
-0.26096
-0.26274
-0.26558
-0.26943
-0.27421
-0.27984
-0.28622
-0.29322
-0.30073
-0.30859
-0.31668
-0.32484
-0.33294
-0.34083
-0.34838
-0.35547
-0.36199
-0.36783
-0.37293
-0.37721
-0.38062
-0.38313
-0.38472
-0.38539
-0.38516
-0.38403
-0.38205
-0.37927
-0.37573
-0.3715
-0.36665
-0.36126
-0.35539
-0.34915
-0.3426
-0.33585
-0.32899
-0.3221
-0.31529
-0.30865
-0.30227
-0.29625
-0.29067
-0.28562
-0.28118
-0.2774
-0.27436
-0.2721
-0.27066
-0.27005
-0.27027
-0.27133
-0.27319
-0.27581
-0.27914
-0.2831
-0.28761
-0.29257
-0.29789
-0.30346
-0.30916
-0.31489
-0.32054
-0.32599
-0.33117
-0.33597
-0.34032
-0.34415
-0.34741
-0.35005
-0.35205
-0.35339
-0.35407
-0.35408
-0.35344
-0.35218
-0.35031
-0.34789
-0.34495
-0.34154
-0.3377
-0.33349
-0.32897
-0.32419
-0.31922
-0.31412
-0.30895
-0.30377
-0.29866
-0.29367
-0.28888
-0.28434
-0.28012
-0.27627
-0.27286
-0.26992
-0.2675
-0.26564
-0.26436
-0.26366
-0.26357
-0.26405
-0.26511
-0.2667
-0.26878
-0.27131
-0.27422
-0.27743
-0.28089
-0.28451
-0.2882
-0.29191
-0.29553
-0.29901
-0.30228
-0.30528
-0.30795
-0.31026
-0.31216
-0.31363
-0.31466
-0.31524
-0.31537
-0.31504
-0.31429
-0.31311
-0.31154
-0.30959
-0.30731
-0.30472
-0.30185
-0.29874
-0.29544
-0.29197
-0.28838
-0.2847
-0.28099
-0.27728
-0.27361
-0.27004
-0.2666
-0.26333
-0.26028
-0.25748
-0.25497
-0.25278
-0.25094
-0.24948
-0.2484
-0.24772
-0.24745
-0.24756
-0.24805
-0.24891
-0.25009
-0.25156
-0.25329
-0.25522
-0.25731
-0.25949
-0.26173
-0.26396
-0.26614
-0.26821
-0.27014
-0.27188
-0.2734
-0.27468
-0.27569
-0.27642
-0.27685
-0.27699
-0.27684
-0.27639
-0.27566
-0.27467
-0.27342
-0.27194
-0.27024
-0.26834
-0.26627
-0.26405
-0.26171
-0.25926
-0.25674
-0.25417
-0.25158
-0.24899
-0.24644
-0.24394
-0.24153
-0.23924
-0.23709
-0.2351
-0.2333
-0.23171
-0.23035
-0.22923
-0.22836
-0.22774
-0.22739
-0.22729
-0.22744
-0.22782
-0.22841
-0.2292
-0.23014
-0.23121
-0.23238
-0.23362
-0.23488
-0.23614
-0.23736
-0.23851
-0.23957
-0.24051
-0.2413
-0.24194
-0.24241
-0.24269
-0.24279
-0.24271
-0.24243
-0.24197
-0.24134
-0.24054
-0.23958
-0.23847
-0.23723
-0.23587
-0.2344
-0.23283
-0.23119
-0.22949
-0.22775
-0.22597
-0.22418
-0.2224
-0.22064
-0.21891
-0.21725
-0.21565
-0.21415
-0.21275
-0.21147
-0.21032
-0.20932
-0.20847
-0.20778
-0.20726
-0.20689
-0.20669
-0.20665
-0.20675
-0.20698
-0.20734
-0.20779
-0.20833
-0.20893
-0.20957
-0.21023
-0.21088
-0.21151
-0.2121
-0.21262
-0.21307
-0.21343
-0.21369
-0.21385
-0.21389
-0.21381
-0.21362
-0.21332
-0.2129
-0.21237
-0.21173
-0.211
-0.21018
-0.20928
-0.2083
-0.20726
-0.20616
-0.20501
-0.20383
-0.20262
-0.20139
-0.20015
-0.19892
-0.19771
-0.19651
-0.19536
-0.19425
-0.19319
-0.1922
-0.19129
-0.19046
-0.18972
-0.18908
-0.18853
-0.18809
-0.18775
-0.18751
-0.18737
-0.18732
-0.18735
-0.18746
-0.18763
-0.18785
-0.18811
-0.18839
-0.18869
-0.18898
-0.18926
-0.18951
-0.18972
-0.18989
-0.19
-0.19005
-0.19004
-0.18995
-0.1898
-0.18957
-0.18927
-0.1889
-0.18847
-0.18797
-0.18741
-0.1868
-0.18614
-0.18543
-0.18468
-0.1839
-0.18309
-0.18226
-0.18141
-0.18055
-0.17969
-0.17883
-0.17798
-0.17714
-0.17633
-0.17555
-0.1748
-0.17409
-0.17343
-0.17282
-0.17227
-0.17178
-0.17135
-0.17098
-0.17067
-0.17043
-0.17024
-0.17012
-0.17004
-0.17001
-0.17002
-0.17007
-0.17013
-0.17021
-0.1703
-0.17039
-0.17047
-0.17053
-0.17057
-0.17058
-0.17055
-0.17049
-0.17039
-0.17025
-0.17006
-0.16983
-0.16956
-0.16924
-0.16889
-0.16849
-0.16806
-0.1676
-0.1671
-0.16658
-0.16604
-0.16547
-0.16489
-0.16429
-0.16369
-0.16307
-0.16246
-0.16185
-0.16124
-0.16065
-0.16007
-0.1595
-0.15896
-0.15845
-0.15796
-0.1575
-0.15708
-0.1567
-0.15635
-0.15604
-0.15578
-0.15555
-0.15535
-0.15519
-0.15507
-0.15497
-0.1549
-0.15484
-0.1548
-0.15477
-0.15475
-0.15472
-0.15469
-0.15465
-0.1546
-0.15452
-0.15443
-0.15432
-0.15418
-0.15401
-0.15382
-0.15361
-0.15336
-0.15309
-0.1528
-0.15248
-0.15214
-0.15179
-0.15141
-0.15102
-0.15061
-0.15019
-0.14976
-0.14932
-0.14888
-0.14843
-0.14798
-0.14754
-0.1471
-0.14666
-0.14623
-0.14582
-0.14542
-0.14503
-0.14466
-0.14431
-0.14399
-0.14368
-0.1434
-0.14314
-0.14291
-0.1427
-0.14251
-0.14234
-0.1422
-0.14207
-0.14196
-0.14185
-0.14176
-0.14168
-0.14159
-0.14151
-0.14142
-0.14133
-0.14123
-0.14112
-0.14099
-0.14086
-0.14071
-0.14054
-0.14036
-0.14016
-0.13994
-0.13971
-0.13947
-0.13921
-0.13894
-0.13866
-0.13836
-0.13806
-0.13775
-0.13743
-0.1371
-0.13677
-0.13644
-0.1361
-0.13577
-0.13543
-0.1351
-0.13477
-0.13445
-0.13414
-0.13383
-0.13353
-0.13324
-0.13297
-0.13271
-0.13246
-0.13223
-0.13201
-0.13181
-0.13162
-0.13145
-0.13128
-0.13114
-0.131
-0.13087
-0.13075
-0.13063
-0.13052
-0.13041
-0.1303
-0.13019
-0.13007
-0.12995
-0.12983
-0.12969
-0.12955
-0.1294
-0.12924
-0.12907
-0.12889
-0.12871
-0.12851
-0.1283
-0.12809
-0.12787
-0.12764
-0.1274
-0.12716
-0.12691
-0.12666
-0.12641
-0.12615
-0.1259
-0.12564
-0.12538
-0.12512
-0.12486
-0.12461
-0.12436
-0.12411
-0.12387
-0.12363
-0.12341
-0.12318
-0.12297
-0.12277
-0.12257
-0.12239
-0.12221
-0.12204
-0.12188
-0.12173
-0.12159
-0.12145
-0.12132
-0.12119
-0.12107
-0.12095
-0.12083
-0.12071
-0.12059
-0.12047
-0.12034
-0.12022
-0.12008
-0.11995
-0.1198
-0.11966
-0.1195
-0.11934
-0.11918
-0.11901
-0.11883
-0.11865
-0.11847
-0.11828
-0.11809
-0.11789
-0.11769
-0.11749
-0.11728
-0.11708
-0.11687
-0.11667
-0.11646
-0.11625
-0.11605
-0.11585
-0.11564
-0.11545
-0.11525
-0.11506
-0.11487
-0.11469
-0.11451
-0.11434
-0.11418
-0.11402
-0.11386
-0.11371
-0.11357
-0.11343
-0.11329
-0.11316
-0.11304
-0.11291
-0.11279
-0.11267
-0.11256
-0.11244
-0.11232
-0.1122
-0.11208
-0.11195
-0.11183
-0.1117
-0.11157
-0.11143
-0.11129
-0.11115
-0.111
-0.11086
-0.1107
-0.11055
-0.11039
-0.11023
-0.11007
-0.10991
-0.10974
-0.10958
-0.10941
-0.10924
-0.10907
-0.1089
-0.10873
-0.10856
-0.1084
-0.10823
-0.10806
-0.1079
-0.10774
-0.10758
-0.10742
-0.10727
-0.10712
-0.10697
-0.10683
-0.10669
-0.10655
-0.10642
-0.10629
-0.10616
-0.10604
-0.10592
-0.1058
-0.10568
-0.10557
-0.10545
-0.10534
-0.10523
-0.10511
-0.105
-0.10489
-0.10477
-0.10465
-0.10453
-0.10441
-0.10429
-0.10416
-0.10404
-0.10391
-0.10378
-0.10365
-0.10351
-0.10338
-0.10324
-0.1031
-0.10296
-0.10282
-0.10268
-0.10254
-0.1024
-0.10226
-0.10211
-0.10197
-0.10183
-0.10169
-0.10155
-0.10141
-0.10127
-0.10114
-0.101
-0.10087
-0.10074
-0.10061
-0.10048
-0.10035
-0.10023
-0.10011
-0.09999
-0.099873
-0.099759
-0.099646
-0.099535
-0.099425
-0.099317
-0.099209
-0.099103
-0.098996
-0.09889
-0.098784
-0.098678
-0.098571
-0.098463
-0.098355
-0.098246
-0.098136
-0.098025
-0.097912
-0.097799
-0.097684
-0.097569
-0.097452
-0.097335
-0.097217
-0.097097
-0.096978
-0.096857
-0.096736
-0.096615
-0.096493
-0.096372
-0.09625
-0.096128
-0.096006
-0.095885
-0.095764
-0.095644
-0.095524
-0.095405
-0.095287
-0.09517
-0.095054
-0.09494
-0.094826
-0.094714
-0.094603
-0.094494
-0.094386
-0.09428
-0.094174
-0.094071
-0.093968
-0.093866
-0.093766
-0.093666
-0.093567
-0.093468
-0.09337
-0.093271
-0.093173
-0.093075
-0.092977
-0.092878
-0.092779
-0.092679
-0.092579
-0.092478
-0.092377
-0.092275
-0.092172
-0.092069
-0.091966
-0.091861
-0.091757
-0.091652
-0.091546
-0.091441
-0.091335
-0.091228
-0.091122
-0.091016
-0.09091
-0.090804
-0.090698
-0.090592
-0.090486
-0.090381
-0.090277
-0.090173
-0.090616
