0
0.00089961
0.00060666
0.00049631
0.00043879
0.00040391
0.00038092
0.00036504
0.00035377
0.00034569
0.00033992
0.00033587
0.00033314
0.00033145
0.00033059
0.0003304
0.00033076
0.00033157
0.00033274
0.00033422
0.00033595
0.00033788
0.00033998
0.0003422
0.00034452
0.0003469
0.00034933
0.00035178
0.00035422
0.00035665
0.00035904
0.00036137
0.00036364
0.00036582
0.0003679
0.00036986
0.00037171
0.00037342
0.00037499
0.0003764
0.00037764
0.00037872
0.00037962
0.00038033
0.00038085
0.00038117
0.00038129
0.0003812
0.00038091
0.0003804
0.00037968
0.00037875
0.0003776
0.00037624
0.00037467
0.00037289
0.0003709
0.0003687
0.00036631
0.00036372
0.00036094
0.00035797
0.00035483
0.00035151
0.00034803
0.0003444
0.00034061
0.00033669
0.00033263
0.00032846
0.00032417
0.00031978
0.0003153
0.00031074
0.0003061
0.00030141
0.00029666
0.00029188
0.00028706
0.00028222
0.00027738
0.00027254
0.00026771
0.0002629
0.00025812
0.00025338
0.0002487
0.00024407
0.00023951
0.00023503
0.00023063
0.00022632
0.00022212
0.00021802
0.00021404
0.00021018
0.00020645
0.00020285
0.00019939
0.00019608
0.00019292
0.00018991
0.00018706
0.00018438
0.00018187
0.00017953
0.00017736
0.00017538
0.00017358
0.00017196
0.00017053
0.00016929
0.00016825
0.0001674
0.00016675
0.0001663
0.00016605
0.00016601
0.00016617
0.00016654
0.00016712
0.00016791
0.00016891
0.00017013
0.00017157
0.00017323
0.00017511
0.00017721
0.00017954
0.00018209
0.00018488
0.0001879
0.00019115
0.00019465
0.00019838
0.00020236
0.00020659
0.00021107
0.00021581
0.00022081
0.00022607
0.00023159
0.00023739
0.00024347
0.00024983
0.00025648
0.00026343
0.00027067
0.00027822
0.00028608
0.00029425
0.00030275
0.00031159
0.00032076
0.00033028
0.00034015
0.00035038
0.00036098
0.00037196
0.00038333
0.00039509
0.00040725
0.00041983
0.00043283
0.00044625
0.00046012
0.00047444
0.00048921
0.00050445
0.00052016
0.00053636
0.00055306
0.00057026
0.00058797
0.0006062
0.00062496
0.00064426
0.0006641
0.00068449
0.00070544
0.00072696
0.00074905
0.00077171
0.00079495
0.00081878
0.00084319
0.00086819
0.00089377
0.00091995
0.00094671
0.00097406
0.001002
0.0010305
0.0010596
0.0010892
0.0011194
0.0011501
0.0011814
0.0012131
0.0012454
0.0012781
0.0013113
0.0013449
0.001379
0.0014134
0.0014481
0.0014832
0.0015186
0.0015542
0.0015901
0.0016261
0.0016622
0.0016984
0.0017347
0.001771
0.0018072
0.0018433
0.0018792
0.0019149
0.0019503
0.0019854
0.0020201
0.0020543
0.002088
0.0021212
0.0021536
0.0021854
0.0022164
0.0022465
0.0022758
0.0023041
0.0023313
0.0023575
0.0023825
0.0024063
0.0024289
0.0024501
0.0024699
0.0024884
0.0025054
0.0025208
0.0025348
0.0025471
0.0025578
0.0025669
0.0025743
0.0025801
0.0025841
0.0025864
0.002587
0.0025858
0.0025829
0.0025784
0.0025721
0.0025641
0.0025544
0.0025431
0.0025302
0.0025158
0.0024997
0.0024822
0.0024633
0.0024429
0.0024212
0.0023982
0.002374
0.0023486
0.0023221
0.0022946
0.0022662
0.0022368
0.0022067
0.0021758
0.0021443
0.0021122
0.0020796
0.0020465
0.0020132
0.0019795
0.0019457
0.0019118
0.0018778
0.0018439
0.0018102
0.0017766
0.0017433
0.0017103
0.0016777
0.0016456
0.001614
0.001583
0.0015527
0.001523
0.0014942
0.0014661
0.001439
0.0014127
0.0013874
0.0013632
0.0013399
0.0013178
0.0012968
0.0012769
0.0012582
0.0012408
0.0012246
0.0012096
0.001196
0.0011837
0.0011728
0.0011632
0.001155
0.0011482
0.0011428
0.0011389
0.0011364
0.0011355
0.001136
0.001138
0.0011415
0.0011465
0.0011531
0.0011613
0.001171
0.0011823
0.0011952
0.0012097
0.0012259
0.0012437
0.0012632
0.0012844
0.0013073
0.0013319
0.0013582
0.0013863
0.0014162
0.0014479
0.0014815
0.001517
0.0015543
0.0015936
0.0016348
0.001678
0.0017233
0.0017706
0.0018201
0.0018716
0.0019254
0.0019814
0.0020397
0.0021003
0.0021633
0.0022287
0.0022966
0.0023671
0.0024401
0.0025157
0.0025941
0.0026752
0.0027591
0.002846
0.0029357
0.0030285
0.0031244
0.0032234
0.0033256
0.003431
0.0035399
0.0036521
0.0037678
0.003887
0.0040098
0.0041363
0.0042665
0.0044005
0.0045384
0.0046801
0.0048259
0.0049756
0.0051293
0.0052872
0.0054492
0.0056154
0.0057858
0.0059603
0.0061392
0.0063222
0.0065096
0.0067011
0.0068969
0.0070969
0.0073011
0.0075094
0.0077218
0.0079382
0.0081585
0.0083827
0.0086106
0.0088422
0.0090773
0.0093157
0.0095574
0.0098021
0.01005
0.0103
0.010552
0.010807
0.011064
0.011323
0.011583
0.011844
0.012105
0.012368
0.01263
0.012892
0.013154
0.013415
0.013674
0.013932
0.014187
0.01444
0.014689
0.014936
0.015178
0.015416
0.015649
0.015877
0.016099
0.016314
0.016524
0.016725
0.01692
0.017106
0.017284
0.017454
0.017614
0.017764
0.017905
0.018035
0.018154
0.018263
0.01836
0.018447
0.018521
0.018583
0.018634
0.018672
0.018698
0.018712
0.018714
0.018703
0.018679
0.018644
0.018596
0.018536
0.018465
0.018381
0.018286
0.01818
0.018063
0.017935
0.017797
0.017649
0.017492
0.017325
0.01715
0.016966
0.016775
0.016576
0.016371
0.016159
0.015942
0.01572
0.015493
0.015262
0.015027
0.014789
0.014549
0.014308
0.014065
0.013821
0.013577
0.013333
0.013091
0.012849
0.01261
0.012373
0.012139
0.011908
0.011681
0.011459
0.011241
0.011028
0.010821
0.010619
0.010424
0.010235
0.010054
0.0098792
0.0097122
0.0095529
0.0094017
0.0092588
0.0091244
0.0089988
0.0088821
0.0087746
0.0086764
0.0085877
0.0085086
0.0084394
0.0083802
0.008331
0.0082921
0.0082635
0.0082454
0.0082379
0.008241
0.0082549
0.0082797
0.0083155
0.0083623
0.0084204
0.0084897
0.0085704
0.0086626
0.0087664
0.0088819
0.0090092
0.0091485
0.0092998
0.0094634
0.0096392
0.0098276
0.010029
0.010242
0.010469
0.010709
0.010962
0.011229
0.011509
0.011804
0.012112
0.012435
0.012773
0.013125
0.013493
0.013876
0.014275
0.01469
0.015121
0.015569
0.016034
0.016517
0.017017
0.017535
0.018071
0.018627
0.019201
0.019795
0.020409
0.021043
0.021698
0.022374
0.023071
0.023791
0.024533
0.025297
0.026085
0.026896
0.027731
0.02859
0.029474
0.030382
0.031316
0.032275
0.03326
0.034271
0.035309
0.036373
0.037463
0.03858
0.039724
0.040895
0.042093
0.043317
0.044568
0.045846
0.04715
0.04848
0.049835
0.051216
0.052621
0.054051
0.055504
0.05698
0.058478
0.059997
0.061535
0.063093
0.064669
0.066261
0.067868
0.069489
0.071122
0.072766
0.074418
0.076078
0.077742
0.079409
0.081077
0.082744
0.084408
0.086065
0.087715
0.089353
0.090978
0.092588
0.094179
0.095748
0.097295
0.098814
0.1003
0.10176
0.10319
0.10457
0.10592
0.10722
0.10848
0.10969
0.11085
0.11196
0.11301
0.11401
0.11494
0.11582
0.11663
0.11738
0.11806
0.11867
0.11921
0.11969
0.12009
0.12041
0.12067
0.12085
0.12096
0.12099
0.12095
0.12084
0.12065
0.12039
0.12006
0.11965
0.11918
0.11864
0.11803
0.11735
0.11661
0.11581
0.11495
0.11403
0.11306
0.11203
0.11095
0.10982
0.10865
0.10743
0.10618
0.10489
0.10356
0.10221
0.10082
0.099413
0.097983
0.096535
0.095071
0.093596
0.092112
0.090622
0.08913
0.087638
0.086149
0.084667
0.083195
0.081735
0.08029
0.078863
0.077456
0.076072
0.074715
0.073385
0.072086
0.07082
0.069588
0.068394
0.067239
0.066125
0.065054
0.064028
0.063048
0.062116
0.061234
0.060402
0.059623
0.058898
0.058227
0.057612
0.057055
0.056555
0.056114
0.055734
0.055414
0.055156
0.05496
0.054827
0.054758
0.054753
0.054813
0.054939
0.055132
0.055391
0.055717
0.056111
0.056573
0.057105
0.057705
0.058376
0.059117
0.059929
0.060813
0.061769
0.062797
0.063899
0.065075
0.066325
0.06765
0.069051
0.070528
0.072083
0.073715
0.075426
0.077217
0.079087
0.081039
0.083072
0.085188
0.087387
0.08967
0.092038
0.094493
0.097033
0.099662
0.10238
0.10518
0.10808
0.11107
0.11414
0.11731
0.12057
0.12393
0.12738
0.13092
0.13455
0.13828
0.14211
0.14603
0.15004
0.15414
0.15834
0.16264
0.16702
0.1715
0.17606
0.18072
0.18546
0.19029
0.1952
0.20019
0.20526
0.21041
0.21563
0.22092
0.22628
0.2317
0.23718
0.24271
0.24829
0.25392
0.25959
0.26529
0.27102
0.27677
0.28254
0.28832
0.29411
0.29989
0.30566
0.31141
0.31714
0.32284
0.3285
0.33411
0.33966
0.34515
0.35057
0.35592
0.36117
0.36634
0.3714
0.37635
0.38118
0.3859
0.39048
0.39492
0.39922
0.40337
0.40737
0.4112
0.41487
0.41836
0.42168
0.42482
0.42778
0.43054
0.43312
0.4355
0.43769
0.43968
0.44147
0.44306
0.44444
0.44563
0.44662
0.4474
0.44799
0.44837
0.44856
0.44856
0.44836
0.44797
0.44739
0.44663
0.44568
0.44456
0.44326
0.44179
0.44015
0.43835
0.43639
0.43428
0.43202
0.42962
0.42708
0.4244
0.4216
0.41867
0.41562
0.41246
0.4092
0.40583
0.40237
0.39882
0.39518
0.39146
0.38767
0.38382
0.3799
0.37593
0.3719
0.36784
0.36373
0.3596
0.35543
0.35125
0.34705
0.34284
0.33862
0.33441
0.33021
0.32602
0.32185
0.31771
0.31359
0.30951
0.30548
0.30148
0.29755
0.29366
0.28985
0.28609
0.28242
0.27881
0.2753
0.27187
0.26853
0.26529
0.26215
0.25911
0.25619
0.25338
0.25068
0.24811
0.24567
0.24335
0.24117
0.23913
0.23722
0.23546
0.23384
0.23237
0.23106
0.22989
0.22888
0.22803
0.22734
0.22682
0.22645
0.22625
0.22622
0.22635
0.22665
0.22713
0.22777
0.22858
0.22956
0.23072
0.23204
0.23354
0.23521
0.23704
0.23905
0.24122
0.24356
0.24607
0.24874
0.25157
0.25457
0.25772
0.26103
0.2645
0.26811
0.27188
0.27579
0.27984
0.28404
0.28836
0.29282
0.29741
0.30212
0.30695
0.3119
0.31695
0.3221
0.32736
0.33271
0.33814
0.34365
0.34924
0.3549
0.36061
0.36639
0.3722
0.37806
0.38395
0.38987
0.3958
0.40174
0.40768
0.41362
0.41954
0.42543
0.4313
0.43712
0.4429
0.44863
0.45429
0.45987
0.46538
0.4708
0.47613
0.48135
0.48647
0.49147
0.49634
0.50109
0.5057
0.51017
0.5145
0.51867
0.52269
0.52655
0.53025
0.53378
0.53713
0.54032
0.54333
0.54616
0.54882
0.5513
0.55359
0.55571
0.55765
0.55941
0.56099
0.5624
0.56363
0.56468
0.56557
0.56629
0.56684
0.56723
0.56747
0.56754
0.56747
0.56724
0.56688
0.56637
0.56573
0.56495
0.56405
0.56302
0.56188
0.56062
0.55925
0.55778
0.55621
0.55454
0.55278
0.55093
0.54899
0.54698
0.54489
0.54273
0.5405
0.53821
0.53585
0.53344
0.53098
0.52846
0.5259
0.5233
0.52065
0.51797
0.51525
0.5125
0.50971
0.5069
0.50407
0.50121
0.49833
0.49544
0.49252
0.4896
0.48665
0.4837
0.48074
0.47778
0.4748
0.47182
0.46884
0.46586
0.46288
0.4599
0.45692
0.45395
0.45098
0.44802
0.44507
0.44213
0.4392
0.43628
0.43337
0.43048
0.42761
0.42475
0.42191
0.41909
0.41629
0.41352
0.41077
0.40804
0.40534
0.40267
0.40003
0.39742
0.39484
0.3923
0.38979
0.38732
0.38489
0.38249
0.38015
0.37784
0.37558
0.37337
0.37121
0.36909
0.36703
0.36502
0.36307
0.36118
0.35934
0.35757
0.35586
0.35421
0.35262
0.3511
0.34965
0.34827
0.34696
0.34573
0.34456
0.34347
0.34246
0.34152
0.34065
0.33987
0.33916
0.33853
0.33798
0.33751
0.33712
0.3368
0.33657
0.33641
0.33633
0.33633
0.33641
0.33656
0.33678
0.33708
0.33745
0.33789
0.3384
0.33898
0.33962
0.34033
0.34109
0.34191
0.34279
0.34372
0.3447
0.34573
0.3468
0.34792
0.34907
0.35026
0.35148
0.35272
0.35399
0.35529
0.3566
0.35792
0.35926
0.3606
0.36195
0.3633
0.36465
0.36598
0.36731
0.36863
0.36993
0.37121
0.37247
0.37371
0.37492
0.37609
0.37724
0.37835
0.37942
0.38045
0.38144
0.38238
0.38328
0.38414
0.38495
0.3857
0.38641
0.38706
0.38767
0.38822
0.38871
0.38916
0.38955
0.38988
0.39017
0.3904
0.39057
0.3907
0.39077
0.39079
0.39076
0.39068
0.39055
0.39038
0.39015
0.38989
0.38957
0.38922
0.38882
0.38838
0.38791
0.38739
0.38684
0.38626
0.38564
0.38499
0.38431
0.38359
0.38286
0.38209
0.3813
0.38049
0.37965
0.3788
0.37792
0.37703
0.37611
0.37519
0.37424
0.37329
0.37232
0.37134
0.37034
0.36934
0.36833
0.36731
0.36629
0.36526
0.36422
0.36318
0.36213
0.36108
0.36003
0.35897
0.35792
0.35686
0.3558
0.35474
0.35368
0.35262
0.35157
0.35051
0.34946
0.34841
0.34736
0.34631
0.34527
0.34423
0.34319
0.34216
0.34113
0.34011
0.33909
0.33807
0.33706
0.33605
0.33505
0.33405
0.33305
0.33207
0.33108
0.33011
0.32913
0.32817
0.32721
0.32625
0.3253
0.32436
0.32342
0.32249
0.32157
0.32065
0.31973
0.31883
0.31793
0.31704
0.31615
0.31527
0.3144
0.31354
0.31268
0.31183
0.31099
0.31016
0.30934
0.30852
0.30771
0.30692
0.30613
0.30535
0.30458
0.30381
0.30306
0.30232
0.30159
0.30087
0.30017
0.29947
0.29878
0.29811
0.29745
0.2968
0.29616
0.29554
0.29492
0.29433
0.29374
0.29317
0.29261
0.29207
0.29154
0.29102
0.29052
0.29004
0.28957
0.28911
0.28867
0.28824
0.28783
0.28744
0.28706
0.28669
0.28634
0.286
0.28568
0.28537
0.28508
0.2848
0.28454
0.28429
0.28405
0.28383
0.28361
0.28342
0.28323
0.28305
0.28289
0.28273
0.28259
0.28246
0.28233
0.28222
0.28211
0.28201
0.28191
0.28182
0.28174
0.28166
0.28159
0.28152
0.28145
0.28139
0.28133
0.28126
0.2812
0.28114
0.28108
0.28102
0.28096
0.28089
0.28082
0.28075
0.28068
0.2806
0.28051
0.28042
0.28033
0.28023
0.28012
0.28001
0.27989
0.27977
0.27964
0.2795
0.27935
0.2792
0.27904
0.27887
0.27869
0.27851
0.27831
0.27811
0.27791
0.27769
0.27747
0.27724
0.277
0.27676
0.27651
0.27625
0.27598
0.27571
0.27543
0.27515
0.27486
0.27456
0.27426
0.27396
0.27364
0.27333
0.273
0.27268
0.27235
0.27201
0.27168
0.27134
0.27099
0.27064
0.27029
0.26994
0.26958
0.26923
0.26886
0.2685
0.26814
0.26777
0.26741
0.26704
0.26667
0.2663
0.26593
0.26556
0.26519
0.26481
0.26444
0.26407
0.2637
0.26333
0.26295
0.26258
0.26221
0.26184
0.26147
0.2611
0.26073
0.26036
0.26
0.25963
0.25927
0.2589
0.25854
0.25818
0.25782
0.25746
0.2571
0.25674
0.25638
0.25603
0.25568
0.25532
0.25497
0.25462
0.25427
0.25393
0.25358
0.25324
0.2529
0.25255
0.25221
0.25188
0.25154
0.2512
0.25087
0.25054
0.25021
0.24988
0.24955
0.24922
0.2489
0.24857
0.24825
0.24793
0.24761
0.2473
0.24698
0.24667
0.24635
0.24604
0.24573
0.24542
0.24512
0.24481
0.24451
0.24421
0.24391
0.24361
0.24332
0.24302
0.24273
0.24244
0.24215
0.24187
0.24158
0.2413
0.24102
0.24074
0.24047
0.24019
0.23992
0.23965
0.23938
0.23912
0.23885
0.23859
0.23833
0.23808
0.23782
0.23757
0.23732
0.23708
0.23683
0.23659
0.23635
0.23611
0.23588
0.23565
0.23542
0.23519
0.23497
0.23475
0.23453
0.23431
0.2341
0.23389
0.23368
0.23348
0.23327
0.23307
0.23287
0.23268
0.23248
0.23229
0.2321
0.23191
0.23173
0.23154
0.23136
0.23118
0.23101
0.23083
0.23066
0.23048
0.23031
0.23014
0.22998
0.22981
0.22964
0.22948
0.22931
0.22915
0.22899
0.22883
0.22867
0.22851
0.22835
0.22819
0.22803
0.22787
0.22771
0.22755
0.22739
0.22724
0.22708
0.22692
0.22676
0.2266
0.22644
0.22628
0.22612
0.22596
0.22579
0.22563
0.22547
0.2253
0.22514
0.22497
0.22481
0.22464
0.22447
0.22431
0.22414
0.22397
0.2238
0.22363
0.22345
0.22328
0.22311
0.22294
0.22276
0.22259
0.22241
0.22224
0.22206
0.22188
0.2217
0.22153
0.22135
0.22117
0.22099
0.22081
0.22063
0.22045
0.22027
0.22009
0.21991
0.21973
0.21955
0.21936
0.21918
0.219
0.21882
0.21864
0.21846
0.21828
0.2181
0.21791
0.21773
0.21755
0.21737
0.21719
0.21701
0.21683
0.21665
0.21647
0.21629
0.21611
0.21593
0.21576
0.21558
0.2154
0.21522
0.21505
0.21487
0.21469
0.21452
0.21434
0.21417
0.21399
0.21382
0.21364
0.21347
0.2133
0.21312
0.21295
0.21278
0.21261
0.21244
0.21227
0.2121
0.21193
0.21176
0.21159
0.21142
0.21125
0.21109
0.21092
0.21075
0.21059
0.21042
0.21026
0.21009
0.20993
0.20976
0.2096
0.20944
0.20928
0.20911
0.20895
0.20879
0.20863
0.20847
0.20831
0.20815
0.20799
0.20784
0.20768
0.20752
0.20736
0.20721
0.20705
0.2069
0.20674
0.20659
0.20643
0.20628
0.20613
0.20597
0.20582
0.20567
0.20552
0.20537
0.20522
0.20507
0.20492
0.20477
0.20462
0.20447
0.20433
0.20418
0.20403
0.20389
0.20374
0.2036
0.20345
0.20331
0.20317
0.20302
0.20288
0.20274
0.2026
0.20246
0.20232
0.20218
0.20204
0.2019
0.20177
0.20163
0.20149
0.20136
0.20122
0.20109
0.20095
0.20082
0.20069
0.20055
0.20042
0.20029
0.20016
0.20003
0.1999
0.19977
0.19964
0.19951
0.19938
0.19926
0.19913
0.199
0.19888
0.19875
0.19862
0.1985
0.19838
0.19825
0.19813
0.198
0.19788
0.19776
0.19764
0.19751
0.19739
0.19727
0.19715
0.19703
0.19691
0.19679
0.19667
0.19655
0.19643
0.19631
0.19619
0.19607
0.19595
0.19584
0.19572
0.1956
0.19548
0.19536
0.19524
0.19513
0.19501
0.19489
0.19477
0.19466
0.19454
0.19442
0.1943
0.19419
0.19407
0.19395
0.19383
0.19372
0.1936
0.19348
0.19337
0.19325
0.19313
0.19302
0.1929
0.19279
0.19267
0.19255
0.19244
0.19232
0.1922
0.19209
0.19197
0.19186
0.19174
0.19163
0.19151
0.1914
0.19128
0.19117
0.19105
0.19094
0.19082
0.19071
0.19059
0.19048
0.19037
0.19025
0.19014
0.19002
0.18991
0.1898
0.18969
0.18957
0.18946
0.18935
0.18924
0.18912
0.18901
0.1889
0.18879
0.18868
0.18857
0.18845
0.18834
0.18823
0.18812
0.18801
0.1879
0.18779
0.18768
0.18757
0.18746
0.18735
0.18725
0.18714
0.18703
0.18692
0.18681
0.1867
0.1866
0.18649
0.18638
0.18627
0.18617
0.18606
0.18595
0.18585
0.18574
0.18564
0.18553
0.18542
0.18532
0.18521
0.18511
0.185
0.1849
0.1848
0.18469
0.18459
0.18448
0.18438
0.18428
0.18417
0.18407
0.18397
0.18386
0.18376
0.18366
0.18356
0.18346
0.18335
0.18325
0.18315
0.18305
0.18295
0.18285
0.18275
0.18265
0.18255
0.18245
0.18235
0.18225
0.18215
0.18205
0.18195
0.18185
0.18175
0.18165
0.18156
0.18146
0.18136
0.18126
0.18117
0.18107
0.18097
0.18087
0.18078
0.18068
0.18058
0.18049
0.18039
0.1803
0.1802
0.1801
0.18001
0.17991
0.17982
0.17973
0.17963
0.17954
0.17944
0.17935
0.17925
0.17916
0.17907
0.17897
0.17888
0.17879
0.1787
0.1786
0.17851
0.17842
0.17833
0.17824
0.17814
0.17805
0.17796
0.17787
0.17778
0.17769
0.1776
0.17751
0.17742
0.17733
0.17724
0.17715
0.17706
0.17697
0.17688
0.17679
0.1767
0.17662
0.17653
0.17644
0.17635
0.17626
0.17618
0.17609
0.176
0.17591
0.17583
0.17574
0.17565
0.17556
0.17548
0.17539
0.1753
0.17522
0.17513
0.17505
0.17496
0.17487
0.17479
0.1747
0.17462
0.17453
0.17445
0.17436
0.17428
0.17419
0.17411
0.17402
0.17394
0.17385
0.17377
0.17368
0.1736
0.17351
0.17343
0.17335
0.17326
0.17318
0.1731
0.17301
0.17293
0.17284
0.17276
0.17268
0.1726
0.17251
0.17243
0.17235
0.17226
0.17218
0.1721
0.17202
0.17194
0.17185
0.17177
0.17169
0.17161
0.17153
0.17145
0.17136
0.17128
0.1712
0.17112
0.17104
0.17096
0.17088
0.1708
0.17072
0.17064
0.17056
0.17048
0.1704
0.17032
0.17024
0.17016
0.17008
0.17
0.16992
0.16984
0.16976
0.16968
0.1696
0.16952
0.16945
0.16937
0.16929
0.16921
0.16913
0.16905
0.16898
0.1689
0.16882
0.16874
0.16867
0.16859
0.16851
0.16843
0.16836
0.16828
0.1682
0.16813
0.16805
0.16797
0.1679
0.16782
0.16774
0.16767
0.16759
0.16752
0.16744
0.16736
0.16729
0.16721
0.16714
0.16706
0.16699
0.16691
0.16684
0.16676
0.16669
0.16661
0.16654
0.16647
0.16639
0.16632
0.16624
0.16617
0.16609
0.16602
0.16595
0.16587
0.1658
0.16573
0.16565
0.16558
0.16551
0.16543
0.16536
0.16529
0.16522
0.16514
0.16507
0.165
0.16493
0.16486
0.16478
0.16471
0.16464
0.16457
0.1645
0.16442
0.16435
0.16428
0.16421
0.16414
0.16407
0.164
0.16393
0.16386
0.16379
0.16371
0.16364
0.16357
0.1635
0.16343
0.16336
0.16329
0.16322
0.16315
0.16308
0.16301
0.16295
0.16288
0.16281
0.16274
0.16267
0.1626
0.16253
0.16246
0.16239
0.16232
0.16226
0.16219
0.16212
0.16205
0.16198
0.16192
0.16185
0.16178
0.16171
0.16164
0.16158
0.16151
0.16144
0.16137
0.16131
0.16124
0.16117
0.16111
0.16104
0.16097
0.16091
0.16084
0.16077
0.16071
0.16064
0.16057
0.16051
0.16044
0.16038
0.16031
0.16024
0.16018
0.16011
0.16005
0.15998
0.15992
0.15985
0.15978
0.15972
0.15965
0.15959
0.15952
0.15946
0.15939
0.15933
0.15927
0.1592
0.15914
0.15907
0.15901
0.15894
0.15888
0.15882
0.15875
0.15869
0.15862
0.15856
0.1585
0.15843
0.15837
0.15831
0.15824
0.15818
0.15812
0.15805
0.15799
0.15793
0.15786
0.1578
0.15774
0.15767
0.15761
0.15755
0.15749
0.15742
0.15736
0.1573
0.15724
0.15718
0.15711
0.15705
0.15699
0.15693
0.15687
0.1568
0.15674
0.15668
0.15662
0.15656
0.1565
0.15644
0.15637
0.15631
0.15625
0.15619
0.15613
0.15607
0.15601
0.15595
0.15589
0.15583
0.15577
0.15571
0.15565
0.15559
0.15553
0.15547
0.15541
0.15535
0.15529
0.15523
0.15517
0.15511
0.15505
0.15499
0.15493
0.15487
0.15481
0.15475
0.15469
0.15463
0.15457
0.15451
0.15446
0.1544
0.15434
0.15428
0.15422
0.15416
0.1541
0.15404
0.15399
0.15393
0.15387
0.15381
0.15375
0.1537
0.15364
0.15358
0.15352
0.15346
0.15341
0.15335
0.15329
0.15323
0.15318
0.15312
0.15306
0.153
0.15295
0.15289
0.15283
0.15278
0.15272
0.15266
0.15261
0.15255
0.15249
0.15244
0.15238
0.15232
0.15227
0.15221
0.15215
0.1521
0.15204
0.15199
0.15193
0.15187
0.15182
0.15176
0.15171
0.15165
0.1516
0.15154
0.15148
0.15143
0.15137
0.15132
0.15126
0.15121
0.15115
0.1511
0.15104
0.15099
0.15093
0.15088
0.15082
0.15077
0.15071
0.15066
0.15061
0.15055
0.1505
0.15044
0.15039
0.15033
0.15028
0.15023
0.15017
0.15012
0.15006
0.15001
0.14996
0.1499
0.14985
0.1498
0.14974
0.14969
0.14964
0.14958
0.14953
0.14948
0.14942
0.14937
0.14932
0.14926
0.14921
0.14916
0.14911
0.14905
0.149
0.14895
0.14889
0.14884
0.14879
0.14874
0.14868
0.14863
0.14858
0.14853
0.14848
0.14842
0.14837
0.14832
0.14827
0.14822
0.14816
0.14811
0.14806
0.14801
0.14796
0.14791
0.14785
0.1478
0.14775
0.1477
0.14765
0.1476
0.14755
0.1475
0.14744
0.14739
0.14734
0.14729
0.14724
0.14719
0.14714
0.14709
0.14704
0.14699
0.14694
0.14689
0.14684
0.14679
0.14674
0.14669
0.14664
0.14659
0.14654
0.14649
0.14644
0.14639
0.14634
0.14629
0.14624
0.14619
0.14614
0.14609
0.14604
0.14599
0.14594
0.14589
0.14584
0.14579
0.14574
0.14569
0.14564
0.14559
0.14554
0.1455
0.14545
0.1454
0.14535
0.1453
0.14525
0.1452
0.14515
0.1451
0.14506
0.14501
0.14496
0.14491
0.14486
0.14481
0.14477
0.14472
0.14467
0.14462
0.14457
0.14453
0.14448
0.14443
0.14438
0.14433
0.14429
0.14424
0.14419
0.14414
0.1441
0.14405
0.144
0.14395
0.14391
0.14386
0.14381
0.14376
0.14372
0.14367
0.14362
0.14358
0.14353
0.14348
0.14343
0.14339
0.14334
0.14329
0.14325
0.1432
0.14315
0.14311
0.14306
0.14301
0.14297
0.14292
0.14287
0.14283
0.14278
0.14274
0.14269
0.14264
0.1426
0.14255
0.14251
0.14246
0.14241
0.14237
0.14232
0.14228
0.14223
0.14218
0.14214
0.14209
0.14205
0.142
0.14196
0.14191
0.14187
0.14182
0.14178
0.14173
0.14169
0.14164
0.14159
0.14155
0.1415
0.14146
0.14141
0.14137
0.14133
0.14128
0.14124
0.14119
0.14115
0.1411
0.14106
0.14101
0.14097
0.14092
0.14088
0.14083
0.14079
0.14075
0.1407
0.14066
0.14061
0.14057
0.14053
0.14048
0.14044
0.14039
0.14035
0.14031
0.14026
0.14022
0.14017
0.14013
0.14009
0.14004
0.14
0.13996
0.13991
0.13987
0.13983
0.13978
0.13974
0.1397
0.13965
0.13961
0.13957
0.13952
0.13948
0.13944
0.13939
0.13935
0.13931
0.13927
0.13922
0.13918
0.13914
0.13909
0.13905
0.13901
0.13897
0.13892
0.13888
0.13884
0.1388
0.13875
0.13871
0.13867
0.13863
0.13858
0.13854
0.1385
0.13846
0.13842
0.13837
0.13833
0.13829
0.13825
0.13821
0.13816
0.13812
0.13808
0.13804
0.138
0.13796
0.13791
0.13787
0.13783
0.13779
0.13775
0.13771
0.13766
0.13762
0.13758
0.13754
0.1375
0.13746
0.13742
0.13738
0.13734
0.13729
0.13725
0.13721
0.13717
0.13713
0.13709
0.13705
0.13701
0.13697
0.13693
0.13689
0.13684
0.1368
0.13676
0.13672
0.13668
0.13664
0.1366
0.13656
0.13652
0.13648
0.13644
0.1364
0.13636
0.13632
0.13628
0.13624
0.1362
0.13616
0.13612
0.13608
0.13604
0.136
0.13596
0.13592
0.13588
0.13584
0.1358
0.13576
0.13572
0.13568
0.13564
0.1356
0.13556
0.13552
0.13548
0.13544
0.13541
0.13537
0.13533
0.13529
0.13525
0.13521
0.13517
0.13513
0.13509
0.13505
0.13501
0.13497
0.13494
0.1349
0.13486
0.13482
0.13478
0.13474
0.1347
0.13466
0.13463
0.13459
0.13455
0.13451
0.13447
0.13443
0.13439
0.13436
0.13432
0.13428
0.13424
0.1342
0.13416
0.13413
0.13409
0.13405
0.13401
0.13397
0.13393
0.1339
0.13386
0.13382
0.13378
0.13374
0.13371
0.13367
0.13363
0.13359
0.13356
0.13352
0.13348
0.13344
0.1334
0.13337
0.13333
0.13329
0.13325
0.13322
0.13318
0.13314
0.1331
0.13307
0.13303
0.13299
0.13296
0.13292
0.13288
0.13284
0.13281
0.13277
0.13273
0.1327
0.13266
0.13262
0.13259
0.13255
0.13251
0.13247
0.13244
0.1324
0.13236
0.13233
0.13229
0.13225
0.13222
0.13218
0.13214
0.13211
0.13207
0.13203
0.132
0.13196
0.13193
0.13189
0.13185
0.13182
0.13178
0.13174
0.13171
0.13167
0.13164
0.1316
0.13156
0.13153
0.13149
0.13146
0.13142
0.13138
0.13135
0.13131
0.13128
0.13124
0.1312
0.13117
0.13113
0.1311
0.13106
0.13103
0.13099
0.13095
0.13092
0.13088
0.13085
0.13081
0.13078
0.13074
0.13071
0.13067
0.13064
0.1306
0.13057
0.13053
0.1305
0.13046
0.13042
0.13039
0.13035
0.13032
0.13028
0.13025
0.13021
0.13018
0.13014
0.13011
0.13008
0.13004
0.13001
0.12997
0.12994
0.1299
0.12987
0.12983
0.1298
0.12976
0.12973
0.12969
0.12966
0.12962
0.12959
0.12956
0.12952
0.12949
0.12945
0.12942
0.12938
0.12935
0.12932
0.12928
0.12925
0.12921
0.12918
0.12914
0.12911
0.12908
0.12904
0.12901
0.12897
0.12894
0.12891
0.12887
0.12884
0.12881
0.12877
0.12874
0.1287
0.12867
0.12864
0.1286
0.12857
0.12854
0.1285
0.12847
0.12844
0.1284
0.12837
0.12833
0.1283
0.12827
0.12823
0.1282
0.12817
0.12813
0.1281
0.12807
0.12803
0.128
0.12797
0.12794
0.1279
0.12787
0.12784
0.1278
0.12777
0.12774
0.1277
0.12767
0.12764
0.12761
0.12757
0.12754
0.12751
0.12747
0.12744
0.12741
0.12738
0.12734
0.12731
0.12728
0.12725
0.12721
0.12718
0.12715
0.12712
0.12708
0.12705
0.12702
0.12699
0.12695
0.12692
0.12689
0.12686
0.12682
0.12679
0.12676
0.12673
0.12669
0.12666
0.12663
0.1266
0.12657
0.12653
0.1265
0.12647
0.12644
0.12641
0.12637
0.12634
0.12631
0.12628
0.12625
0.12622
0.12618
0.12615
0.12612
0.12609
0.12606
0.12602
0.12599
0.12596
0.12593
0.1259
0.12587
0.12584
0.1258
0.12577
0.12574
0.12571
0.12568
0.12565
0.12562
0.12558
0.12555
0.12552
0.12549
0.12546
0.12543
0.1254
0.12537
0.12533
0.1253
0.12527
0.12524
0.12521
0.12518
0.12515
0.12512
0.12509
0.12506
0.12502
0.12499
0.12496
0.12493
0.1249
0.12487
0.12484
0.12481
0.12478
0.12475
0.12472
0.12469
0.12466
0.12462
0.12459
0.12456
0.12453
0.1245
0.12447
0.12444
0.12441
0.12438
0.12435
0.12432
0.12429
0.12426
0.12423
0.1242
0.12417
0.12414
0.12411
0.12408
0.12405
0.12402
0.12399
0.12396
0.12393
0.1239
0.12387
0.12384
0.12381
0.12378
0.12375
0.12372
0.12369
0.12366
0.12363
0.1236
0.12357
0.12354
0.12351
0.12348
0.12345
0.12342
0.12339
0.12336
0.12333
0.1233
0.12327
0.12324
0.12321
0.12318
0.12315
0.12312
0.12309
0.12306
0.12303
0.123
0.12298
0.12295
0.12292
0.12289
0.12286
0.12283
0.1228
0.12277
0.12274
0.12271
0.12268
0.12265
0.12262
0.1226
0.12257
0.12254
0.12251
0.12248
0.12245
0.12242
0.12239
0.12236
0.12233
0.12231
0.12228
0.12225
0.12222
0.12219
0.12216
0.12213
0.1221
0.12207
0.12205
0.12202
0.12199
0.12196
0.12193
0.1219
0.12187
0.12185
0.12182
0.12179
0.12176
0.12173
0.1217
0.12167
0.12165
0.12162
0.12159
0.12156
0.12153
0.1215
0.12148
0.12145
0.12142
0.12139
0.12136
0.12133
0.12131
0.12128
0.12125
0.12122
0.12119
0.12117
0.12114
0.12111
0.12108
0.12105
0.12102
0.121
0.12097
0.12094
0.12091
0.12089
0.12086
0.12083
0.1208
0.12077
0.12075
0.12072
0.12069
0.12066
0.12063
0.12061
0.12058
0.12055
0.12052
0.1205
0.12047
0.12044
0.12041
0.12039
0.12036
0.12033
0.1203
0.12028
0.12025
0.12022
0.12019
0.12017
0.12014
0.12011
0.12008
0.12006
0.12003
0.12
0.11997
0.11995
0.11992
0.11989
0.11987
0.11984
0.11981
0.11978
0.11976
0.11973
0.1197
0.11968
0.11965
0.11962
0.11959
0.11957
0.11954
0.11951
0.11949
0.11946
0.11943
0.11941
0.11938
0.11935
0.11933
0.1193
0.11927
0.11925
0.11922
0.11919
0.11916
0.11914
0.11911
0.11908
0.11906
0.11903
0.119
0.11898
0.11895
0.11893
0.1189
0.11887
0.11885
0.11882
0.11879
0.11877
0.11874
0.11871
0.11869
0.11866
0.11863
0.11861
0.11858
0.11856
0.11853
0.1185
0.11848
0.11845
0.11842
0.1184
0.11837
0.11835
0.11832
0.11829
0.11827
0.11824
0.11821
0.11819
0.11816
0.11814
0.11811
0.11808
0.11806
0.11803
0.11801
0.11798
0.11795
0.11793
0.1179
0.11788
0.11785
0.11783
0.1178
0.11777
0.11775
0.11772
0.1177
0.11767
0.11764
0.11762
0.11759
0.11757
0.11754
0.11752
0.11749
0.11747
0.11744
0.11741
0.11739
0.11736
0.11734
0.11731
0.11729
0.11726
0.11724
0.11721
0.11719
0.11716
0.11713
0.11711
0.11708
0.11706
0.11703
0.11701
0.11698
0.11696
0.11693
0.11691
0.11688
0.11686
0.11683
0.11681
0.11678
0.11676
0.11673
0.11671
0.11668
0.11666
0.11663
0.11661
0.11658
0.11656
0.11653
0.11651
0.11648
0.11646
0.11643
0.11641
0.11638
0.11636
0.11633
0.11631
0.11628
0.11626
0.11623
0.11621
0.11618
0.11616
0.11613
0.11611
0.11608
0.11606
0.11603
0.11601
0.11598
0.11596
0.11594
0.11591
0.11589
0.11586
0.11584
0.11581
0.11579
0.11576
0.11574
0.11571
0.11569
0.11567
0.11564
0.11562
0.11559
0.11557
0.11554
0.11552
0.1155
0.11547
0.11545
0.11542
0.1154
0.11537
0.11535
0.11533
0.1153
0.11528
0.11525
0.11523
0.1152
0.11518
0.11516
0.11513
0.11511
0.11508
0.11506
0.11504
0.11501
0.11499
0.11496
0.11494
0.11492
0.11489
0.11487
0.11484
0.11482
0.1148
0.11477
0.11475
0.11473
0.1147
0.11468
0.11465
0.11463
0.11461
0.11458
0.11456
0.11453
0.11451
0.11449
0.11446
0.11444
0.11442
0.11439
0.11437
0.11435
0.11432
0.1143
0.11428
0.11425
0.11423
0.1142
0.11418
0.11416
0.11413
0.11411
0.11409
0.11406
0.11404
0.11402
0.11399
0.11397
0.11395
0.11392
0.1139
0.11388
0.11385
0.11383
0.11381
0.11378
0.11376
0.11374
0.11371
0.11369
0.11367
0.11364
0.11362
0.1136
0.11358
0.11355
0.11353
0.11351
0.11348
0.11346
0.11344
0.11341
0.11339
0.11337
0.11334
0.11332
0.1133
0.11328
0.11325
0.11323
0.11321
0.11318
0.11316
0.11314
0.11312
0.11309
0.11307
0.11305
0.11302
0.113
0.11298
0.11296
0.11293
0.11291
0.11289
0.11287
0.11284
0.11282
0.1128
0.11277
0.11275
0.11273
0.11271
0.11268
0.11266
0.11264
0.11262
0.11259
0.11257
0.11255
0.11253
0.1125
0.11248
0.11246
0.11244
0.11241
0.11239
0.11237
0.11235
0.11233
0.1123
0.11228
0.11226
0.11224
0.11221
0.11219
0.11217
0.11215
0.11212
0.1121
0.11208
0.11206
0.11204
0.11201
0.11199
0.11197
0.11195
0.11193
0.1119
0.11188
0.11186
0.11184
0.11181
0.11179
0.11177
0.11175
0.11173
0.1117
0.11168
0.11166
0.11164
0.11162
0.11159
0.11157
0.11155
0.11153
0.11151
0.11149
0.11146
0.11144
0.11142
0.1114
0.11138
0.11135
0.11133
0.11131
0.11129
0.11127
0.11125
0.11122
0.1112
0.11118
0.11116
0.11114
0.11112
0.11109
0.11107
0.11105
0.11103
0.11101
0.11099
0.11096
0.11094
0.11092
0.1109
0.11088
0.11086
0.11084
0.11081
0.11079
0.11077
0.11075
0.11073
0.11071
0.11069
0.11066
0.11064
0.11062
0.1106
0.11058
0.11056
0.11054
0.11051
0.11049
0.11047
0.11045
0.11043
0.11041
0.11039
0.11037
0.11035
0.11032
0.1103
0.11028
0.11026
0.11024
0.11022
0.1102
0.11018
0.11015
0.11013
0.11011
0.11009
0.11007
0.11005
0.11003
0.11001
0.10999
0.10997
0.10994
0.10992
0.1099
0.10988
0.10986
0.10984
0.10982
0.1098
0.10978
0.10976
0.10974
0.10971
0.10969
0.10967
0.10965
0.10963
0.10961
0.10959
0.10957
0.10955
0.10953
0.10951
0.10949
0.10947
0.10945
0.10942
0.1094
0.10938
0.10936
0.10934
0.10932
0.1093
0.10928
0.10926
0.10924
0.10922
0.1092
0.10918
0.10916
0.10914
0.10912
0.1091
0.10908
0.10905
0.10903
0.10901
0.10899
0.10897
0.10895
0.10893
0.10891
0.10889
0.10887
0.10885
0.10883
0.10881
0.10879
0.10877
0.10875
0.10873
0.10871
0.10869
0.10867
0.10865
0.10863
0.10861
0.10859
0.10857
0.10855
0.10853
0.10851
0.10849
0.10847
0.10845
0.10843
0.10841
0.10839
0.10837
0.10835
0.10833
0.10831
0.10829
0.10827
0.10825
0.10823
0.10821
0.10819
0.10817
0.10815
0.10813
0.10811
0.10809
0.10807
0.10805
0.10803
0.10801
0.10799
0.10797
0.10795
0.10793
0.10791
0.10789
0.10787
0.10785
0.10783
0.10781
0.10779
0.10777
0.10775
0.10773
0.10771
0.10769
0.10767
0.10765
0.10763
0.10761
0.10759
0.10757
0.10755
0.10753
0.10751
0.10749
0.10747
0.10745
0.10744
0.10742
0.1074
0.10738
0.10736
0.10734
0.10732
0.1073
0.10728
0.10726
0.10724
0.10722
0.1072
0.10718
0.10716
0.10714
0.10712
0.1071
0.10709
0.10707
0.10705
0.10703
0.10701
0.10699
0.10697
0.10695
0.10693
0.10691
0.10689
0.10687
0.10685
0.10683
0.10682
0.1068
0.10678
0.10676
0.10674
0.10672
0.1067
0.10668
0.10666
0.10664
0.10662
0.1066
0.10659
0.10657
0.10655
0.10653
0.10651
0.10649
0.10647
0.10645
0.10643
0.10641
0.1064
0.10638
0.10636
0.10634
0.10632
0.1063
0.10628
0.10626
0.10624
0.10622
0.10621
0.10619
0.10617
0.10615
0.10613
0.10611
0.10609
0.10607
0.10606
0.10604
0.10602
0.106
0.10598
0.10596
0.10594
0.10592
0.10591
0.10589
0.10587
0.10585
0.10583
0.10581
0.10579
0.10577
0.10576
0.10574
0.10572
0.1057
0.10568
0.10566
0.10564
0.10563
0.10561
0.10559
0.10557
0.10555
0.10553
0.10551
0.1055
0.10548
0.10546
0.10544
0.10542
0.1054
0.10539
0.10537
0.10535
0.10533
0.10531
0.10529
0.10527
0.10526
0.10524
0.10522
0.1052
0.10518
0.10516
0.10515
0.10513
0.10511
0.10509
0.10507
0.10505
0.10504
0.10502
0.105
0.10498
0.10496
0.10495
0.10493
0.10491
0.10489
0.10487
0.10485
0.10484
0.10482
0.1048
0.10478
0.10476
0.10475
0.10473
0.10471
0.10469
0.10467
0.10466
0.10464
0.10462
0.1046
0.10458
0.10456
0.10455
0.10453
0.10451
0.10449
0.10447
0.10446
0.10444
0.10442
0.1044
0.10439
0.10437
0.10435
0.10433
0.10431
0.1043
0.10428
0.10426
0.10424
0.10422
0.10421
0.10419
0.10417
0.10415
0.10414
0.10412
0.1041
0.10408
0.10406
0.10405
0.10403
0.10401
0.10399
0.10398
0.10396
0.10394
0.10392
0.1039
0.10389
0.10387
0.10385
0.10383
0.10382
0.1038
0.10378
0.10376
0.10375
0.10373
0.10371
0.10369
0.10368
0.10366
0.10364
0.10362
0.10361
0.10359
0.10357
0.10355
0.10354
0.10352
0.1035
0.10348
0.10347
0.10345
0.10343
0.10341
0.1034
0.10338
0.10336
0.10334
0.10333
0.10331
0.10329
0.10327
0.10326
0.10324
0.10322
0.1032
0.10319
0.10317
0.10315
0.10314
0.10312
0.1031
0.10308
0.10307
0.10305
0.10303
0.10301
0.103
0.10298
0.10296
0.10295
0.10293
0.10291
0.10289
0.10288
0.10286
0.10284
0.10283
0.10281
0.10279
0.10277
0.10276
0.10274
0.10272
0.10271
0.10269
0.10267
0.10266
0.10264
0.10262
0.1026
0.10259
0.10257
0.10255
0.10254
0.10252
0.1025
0.10249
0.10247
0.10245
0.10243
0.10242
0.1024
0.10238
0.10237
0.10235
0.10233
0.10232
0.1023
0.10228
0.10227
0.10225
0.10223
0.10221
0.1022
0.10218
0.10216
0.10215
0.10213
0.10211
0.1021
0.10208
0.10206
0.10205
0.10203
0.10201
0.102
0.10198
0.10196
0.10195
0.10193
0.10191
0.1019
0.10188
0.10186
0.10185
0.10183
0.10181
0.1018
0.10178
0.10176
0.10175
0.10173
0.10171
0.1017
0.10168
0.10166
0.10165
0.10163
0.10161
0.1016
0.10158
0.10157
0.10155
0.10153
0.10152
0.1015
0.10148
