0
0.00088134
0.00058066
0.0004639
0.00040066
0.00036048
0.00033248
0.00031179
0.00029586
0.00028324
0.00027303
0.00026463
0.00025764
0.00025175
0.00024677
0.00024253
0.00023891
0.00023581
0.00023316
0.00023089
0.00022896
0.00022733
0.00022596
0.00022482
0.00022389
0.00022315
0.00022258
0.00022216
0.00022189
0.00022174
0.00022172
0.00022181
0.000222
0.00022228
0.00022266
0.00022313
0.00022367
0.00022429
0.00022498
0.00022574
0.00022656
0.00022745
0.0002284
0.0002294
0.00023046
0.00023157
0.00023273
0.00023394
0.0002352
0.00023651
0.00023786
0.00023925
0.00024069
0.00024217
0.00024369
0.00024526
0.00024686
0.0002485
0.00025018
0.0002519
0.00025365
0.00025544
0.00025727
0.00025914
0.00026104
0.00026297
0.00026494
0.00026695
0.00026899
0.00027107
0.00027318
0.00027532
0.0002775
0.00027971
0.00028196
0.00028424
0.00028655
0.0002889
0.00029128
0.0002937
0.00029615
0.00029863
0.00030115
0.0003037
0.00030629
0.00030891
0.00031156
0.00031425
0.00031698
0.00031974
0.00032253
0.00032536
0.00032822
0.00033112
0.00033405
0.00033702
0.00034003
0.00034307
0.00034615
0.00034927
0.00035242
0.00035561
0.00035883
0.00036209
0.0003654
0.00036873
0.00037211
0.00037553
0.00037898
0.00038248
0.00038601
0.00038958
0.00039319
0.00039685
0.00040054
0.00040428
0.00040805
0.00041187
0.00041573
0.00041963
0.00042357
0.00042756
0.00043159
0.00043567
0.00043978
0.00044395
0.00044815
0.00045241
0.0004567
0.00046105
0.00046544
0.00046988
0.00047436
0.00047889
0.00048348
0.0004881
0.00049278
0.00049751
0.00050229
0.00050712
0.00051199
0.00051692
0.00052191
0.00052694
0.00053203
0.00053716
0.00054236
0.00054761
0.00055291
0.00055826
0.00056368
0.00056915
0.00057467
0.00058026
0.0005859
0.0005916
0.00059736
0.00060317
0.00060905
0.00061499
0.00062099
0.00062705
0.00063318
0.00063937
0.00064562
0.00065193
0.00065831
0.00066476
0.00067127
0.00067785
0.00068449
0.00069121
0.00069799
0.00070484
0.00071177
0.00071876
0.00072582
0.00073296
0.00074017
0.00074745
0.00075481
0.00076224
0.00076975
0.00077733
0.000785
0.00079274
0.00080056
0.00080845
0.00081643
0.00082449
0.00083263
0.00084086
0.00084916
0.00085756
0.00086603
0.0008746
0.00088325
0.00089198
0.00090081
0.00090973
0.00091873
0.00092783
0.00093702
0.0009463
0.00095568
0.00096515
0.00097471
0.00098438
0.00099414
0.001004
0.001014
0.001024
0.0010342
0.0010444
0.0010548
0.0010653
0.0010759
0.0010866
0.0010973
0.0011082
0.0011193
0.0011304
0.0011416
0.001153
0.0011644
0.001176
0.0011877
0.0011995
0.0012114
0.0012235
0.0012357
0.001248
0.0012604
0.0012729
0.0012856
0.0012984
0.0013113
0.0013244
0.0013376
0.0013509
0.0013644
0.0013779
0.0013917
0.0014055
0.0014195
0.0014337
0.001448
0.0014624
0.001477
0.0014917
0.0015066
0.0015216
0.0015368
0.0015521
0.0015676
0.0015832
0.001599
0.0016149
0.0016311
0.0016473
0.0016638
0.0016804
0.0016971
0.001714
0.0017311
0.0017484
0.0017659
0.0017835
0.0018013
0.0018193
0.0018374
0.0018558
0.0018743
0.001893
0.0019119
0.001931
0.0019503
0.0019697
0.0019894
0.0020092
0.0020293
0.0020496
0.00207
0.0020907
0.0021116
0.0021327
0.002154
0.0021755
0.0021972
0.0022191
0.0022413
0.0022637
0.0022863
0.0023091
0.0023322
0.0023555
0.002379
0.0024027
0.0024267
0.002451
0.0024755
0.0025002
0.0025251
0.0025504
0.0025758
0.0026016
0.0026276
0.0026538
0.0026803
0.0027071
0.0027341
0.0027614
0.002789
0.0028168
0.002845
0.0028734
0.0029021
0.0029311
0.0029603
0.0029899
0.0030198
0.0030499
0.0030804
0.0031111
0.0031422
0.0031736
0.0032053
0.0032373
0.0032696
0.0033023
0.0033352
0.0033685
0.0034022
0.0034361
0.0034704
0.0035051
0.0035401
0.0035754
0.0036111
0.0036472
0.0036836
0.0037203
0.0037575
0.003795
0.0038329
0.0038711
0.0039098
0.0039488
0.0039882
0.004028
0.0040682
0.0041088
0.0041498
0.0041912
0.004233
0.0042752
0.0043179
0.004361
0.0044045
0.0044484
0.0044928
0.0045376
0.0045828
0.0046285
0.0046747
0.0047213
0.0047684
0.0048159
0.004864
0.0049124
0.0049614
0.0050109
0.0050608
0.0051113
0.0051622
0.0052137
0.0052656
0.0053181
0.0053711
0.0054246
0.0054787
0.0055332
0.0055884
0.005644
0.0057003
0.005757
0.0058144
0.0058723
0.0059307
0.0059898
0.0060494
0.0061097
0.0061705
0.0062319
0.0062939
0.0063566
0.0064198
0.0064837
0.0065482
0.0066134
0.0066792
0.0067456
0.0068127
0.0068805
0.0069489
0.007018
0.0070878
0.0071582
0.0072294
0.0073013
0.0073738
0.0074471
0.0075211
0.0075959
0.0076713
0.0077475
0.0078245
0.0079022
0.0079807
0.0080599
0.00814
0.0082208
0.0083024
0.0083848
0.008468
0.008552
0.0086369
0.0087226
0.0088091
0.0088965
0.0089847
0.0090738
0.0091638
0.0092546
0.0093464
0.009439
0.0095326
0.009627
0.0097224
0.0098187
0.009916
0.010014
0.010113
0.010213
0.010315
0.010417
0.01052
0.010624
0.010729
0.010835
0.010942
0.01105
0.01116
0.01127
0.011381
0.011494
0.011607
0.011722
0.011838
0.011955
0.012073
0.012192
0.012312
0.012434
0.012557
0.012681
0.012806
0.012932
0.01306
0.013188
0.013318
0.01345
0.013582
0.013716
0.013851
0.013987
0.014125
0.014264
0.014405
0.014546
0.014689
0.014834
0.01498
0.015127
0.015276
0.015426
0.015577
0.01573
0.015885
0.016041
0.016198
0.016357
0.016518
0.01668
0.016843
0.017009
0.017175
0.017344
0.017514
0.017685
0.017858
0.018033
0.01821
0.018388
0.018568
0.018749
0.018933
0.019118
0.019304
0.019493
0.019683
0.019876
0.02007
0.020265
0.020463
0.020663
0.020864
0.021068
0.021273
0.02148
0.021689
0.0219
0.022114
0.022329
0.022546
0.022765
0.022986
0.02321
0.023435
0.023663
0.023892
0.024124
0.024358
0.024594
0.024833
0.025073
0.025316
0.025561
0.025809
0.026058
0.02631
0.026565
0.026821
0.027081
0.027342
0.027606
0.027872
0.028141
0.028412
0.028686
0.028963
0.029241
0.029523
0.029807
0.030094
0.030383
0.030675
0.030969
0.031267
0.031567
0.031869
0.032175
0.032483
0.032794
0.033108
0.033425
0.033745
0.034067
0.034393
0.034721
0.035052
0.035387
0.035724
0.036065
0.036408
0.036755
0.037104
0.037457
0.037813
0.038172
0.038535
0.0389
0.039269
0.039642
0.040017
0.040396
0.040778
0.041164
0.041553
0.041945
0.042341
0.04274
0.043143
0.043549
0.043959
0.044373
0.04479
0.045211
0.045635
0.046064
0.046496
0.046931
0.047371
0.047814
0.048261
0.048712
0.049167
0.049626
0.050088
0.050555
0.051025
0.0515
0.051979
0.052462
0.052949
0.05344
0.053935
0.054434
0.054938
0.055446
0.055958
0.056474
0.056995
0.05752
0.05805
0.058583
0.059122
0.059665
0.060212
0.060764
0.06132
0.061881
0.062447
0.063017
0.063592
0.064171
0.064756
0.065345
0.065939
0.066537
0.067141
0.067749
0.068362
0.06898
0.069603
0.070231
0.070864
0.071502
0.072146
0.072794
0.073447
0.074105
0.074769
0.075438
0.076112
0.076791
0.077475
0.078165
0.07886
0.079561
0.080267
0.080978
0.081694
0.082416
0.083144
0.083877
0.084615
0.08536
0.086109
0.086864
0.087625
0.088392
0.089164
0.089942
0.090725
0.091515
0.09231
0.09311
0.093917
0.094729
0.095547
0.096371
0.097201
0.098037
0.098879
0.099727
0.10058
0.10144
0.10231
0.10318
0.10405
0.10494
0.10583
0.10672
0.10763
0.10853
0.10945
0.11037
0.11129
0.11223
0.11316
0.11411
0.11506
0.11602
0.11698
0.11795
0.11893
0.11991
0.1209
0.12189
0.12289
0.1239
0.12491
0.12593
0.12696
0.12799
0.12903
0.13007
0.13112
0.13218
0.13324
0.13431
0.13539
0.13647
0.13756
0.13865
0.13975
0.14086
0.14198
0.1431
0.14422
0.14535
0.14649
0.14764
0.14879
0.14994
0.15111
0.15228
0.15345
0.15463
0.15582
0.15701
0.15821
0.15942
0.16063
0.16185
0.16307
0.1643
0.16553
0.16677
0.16802
0.16927
0.17053
0.1718
0.17307
0.17434
0.17562
0.17691
0.1782
0.1795
0.1808
0.18211
0.18343
0.18475
0.18607
0.1874
0.18874
0.19008
0.19142
0.19278
0.19413
0.19549
0.19686
0.19823
0.1996
0.20098
0.20237
0.20376
0.20515
0.20655
0.20795
0.20936
0.21077
0.21219
0.21361
0.21503
0.21646
0.21789
0.21933
0.22077
0.22221
0.22366
0.22511
0.22657
0.22802
0.22948
0.23095
0.23242
0.23389
0.23536
0.23684
0.23832
0.2398
0.24128
0.24277
0.24426
0.24575
0.24725
0.24874
0.25024
0.25174
0.25324
0.25475
0.25625
0.25776
0.25927
0.26078
0.26229
0.2638
0.26531
0.26683
0.26834
0.26986
0.27137
0.27289
0.27441
0.27592
0.27744
0.27896
0.28048
0.28199
0.28351
0.28502
0.28654
0.28805
0.28957
0.29108
0.29259
0.2941
0.29561
0.29712
0.29862
0.30013
0.30163
0.30313
0.30463
0.30613
0.30762
0.30911
0.3106
0.31209
0.31357
0.31505
0.31652
0.318
0.31947
0.32094
0.3224
0.32386
0.32531
0.32676
0.32821
0.32966
0.33109
0.33253
0.33396
0.33538
0.3368
0.33822
0.33963
0.34103
0.34243
0.34382
0.34521
0.34659
0.34797
0.34934
0.3507
0.35206
0.35341
0.35475
0.35609
0.35742
0.35875
0.36007
0.36138
0.36268
0.36398
0.36526
0.36654
0.36782
0.36908
0.37034
0.37159
0.37283
0.37406
0.37529
0.37651
0.37771
0.37891
0.38011
0.38129
0.38246
0.38362
0.38478
0.38593
0.38706
0.38819
0.38931
0.39042
0.39152
0.3926
0.39368
0.39475
0.39581
0.39686
0.3979
0.39893
0.39995
0.40096
0.40196
0.40295
0.40393
0.40489
0.40585
0.4068
0.40773
0.40866
0.40957
0.41047
0.41137
0.41225
0.41312
0.41398
0.41482
0.41566
0.41649
0.4173
0.4181
0.4189
0.41968
0.42045
0.4212
0.42195
0.42269
0.42341
0.42412
0.42482
0.42551
0.42619
0.42686
0.42751
0.42816
0.42879
0.42941
0.43002
0.43061
0.4312
0.43177
0.43233
0.43289
0.43342
0.43395
0.43447
0.43497
0.43547
0.43595
0.43642
0.43688
0.43733
0.43776
0.43819
0.4386
0.439
0.43939
0.43977
0.44014
0.4405
0.44084
0.44118
0.4415
0.44181
0.44211
0.4424
0.44268
0.44295
0.44321
0.44346
0.44369
0.44392
0.44413
0.44434
0.44453
0.44471
0.44489
0.44505
0.4452
0.44534
0.44547
0.44559
0.4457
0.4458
0.4459
0.44598
0.44605
0.44611
0.44616
0.4462
0.44623
0.44626
0.44627
0.44627
0.44627
0.44625
0.44623
0.44619
0.44615
0.4461
0.44604
0.44597
0.44589
0.44581
0.44571
0.44561
0.4455
0.44538
0.44525
0.44511
0.44496
0.44481
0.44465
0.44448
0.4443
0.44412
0.44393
0.44372
0.44352
0.4433
0.44308
0.44285
0.44261
0.44237
0.44212
0.44186
0.44159
0.44132
0.44104
0.44076
0.44047
0.44017
0.43986
0.43955
0.43923
0.43891
0.43858
0.43824
0.4379
0.43755
0.4372
0.43684
0.43648
0.43611
0.43573
0.43535
0.43496
0.43457
0.43418
0.43377
0.43337
0.43295
0.43254
0.43212
0.43169
0.43126
0.43082
0.43038
0.42994
0.42949
0.42904
0.42858
0.42812
0.42765
0.42718
0.42671
0.42623
0.42575
0.42527
0.42478
0.42429
0.42379
0.42329
0.42279
0.42229
0.42178
0.42127
0.42075
0.42023
0.41971
0.41919
0.41866
0.41813
0.4176
0.41707
0.41653
0.41599
0.41545
0.4149
0.41435
0.4138
0.41325
0.4127
0.41214
0.41158
0.41102
0.41046
0.4099
0.40933
0.40876
0.40819
0.40762
0.40705
0.40648
0.4059
0.40532
0.40474
0.40416
0.40358
0.403
0.40241
0.40183
0.40124
0.40065
0.40007
0.39948
0.39888
0.39829
0.3977
0.39711
0.39651
0.39592
0.39532
0.39472
0.39413
0.39353
0.39293
0.39233
0.39173
0.39113
0.39053
0.38993
0.38933
0.38873
0.38813
0.38753
0.38692
0.38632
0.38572
0.38512
0.38452
0.38391
0.38331
0.38271
0.38211
0.3815
0.3809
0.3803
0.3797
0.37909
0.37849
0.37789
0.37729
0.37669
0.37609
0.37549
0.37489
0.37429
0.37369
0.37309
0.37249
0.3719
0.3713
0.3707
0.37011
0.36951
0.36892
0.36832
0.36773
0.36714
0.36655
0.36596
0.36537
0.36478
0.36419
0.3636
0.36301
0.36242
0.36184
0.36125
0.36067
0.36009
0.3595
0.35892
0.35834
0.35776
0.35719
0.35661
0.35603
0.35546
0.35488
0.35431
0.35374
0.35316
0.35259
0.35203
0.35146
0.35089
0.35032
0.34976
0.3492
0.34863
0.34807
0.34751
0.34695
0.3464
0.34584
0.34528
0.34473
0.34418
0.34363
0.34308
0.34253
0.34198
0.34143
0.34089
0.34034
0.3398
0.33926
0.33872
0.33818
0.33764
0.33711
0.33657
0.33604
0.3355
0.33497
0.33444
0.33392
0.33339
0.33286
0.33234
0.33182
0.3313
0.33078
0.33026
0.32974
0.32922
0.32871
0.3282
0.32768
0.32717
0.32667
0.32616
0.32565
0.32515
0.32464
0.32414
0.32364
0.32314
0.32264
0.32215
0.32165
0.32116
0.32067
0.32018
0.31969
0.3192
0.31871
0.31823
0.31775
0.31726
0.31678
0.3163
0.31583
0.31535
0.31487
0.3144
0.31393
0.31346
0.31299
0.31252
0.31205
0.31159
0.31113
0.31066
0.3102
0.30974
0.30929
0.30883
0.30837
0.30792
0.30747
0.30702
0.30657
0.30612
0.30567
0.30523
0.30478
0.30434
0.3039
0.30346
0.30302
0.30258
0.30215
0.30171
0.30128
0.30085
0.30042
0.29999
0.29956
0.29914
0.29871
0.29829
0.29787
0.29745
0.29703
0.29661
0.29619
0.29578
0.29536
0.29495
0.29454
0.29413
0.29372
0.29331
0.29291
0.2925
0.2921
0.2917
0.2913
0.2909
0.2905
0.2901
0.28971
0.28931
0.28892
0.28853
0.28814
0.28775
0.28736
0.28698
0.28659
0.28621
0.28582
0.28544
0.28506
0.28468
0.28431
0.28393
0.28355
0.28318
0.28281
0.28244
0.28207
0.2817
0.28133
0.28096
0.2806
0.28023
0.27987
0.27951
0.27915
0.27879
0.27843
0.27807
0.27772
0.27736
0.27701
0.27665
0.2763
0.27595
0.2756
0.27526
0.27491
0.27456
0.27422
0.27388
0.27353
0.27319
0.27285
0.27251
0.27218
0.27184
0.2715
0.27117
0.27084
0.2705
0.27017
0.26984
0.26951
0.26919
0.26886
0.26853
0.26821
0.26788
0.26756
0.26724
0.26692
0.2666
0.26628
0.26596
0.26565
0.26533
0.26502
0.26471
0.26439
0.26408
0.26377
0.26346
0.26315
0.26285
0.26254
0.26224
0.26193
0.26163
0.26133
0.26102
0.26072
0.26042
0.26013
0.25983
0.25953
0.25924
0.25894
0.25865
0.25835
0.25806
0.25777
0.25748
0.25719
0.2569
0.25662
0.25633
0.25605
0.25576
0.25548
0.2552
0.25491
0.25463
0.25435
0.25407
0.25379
0.25352
0.25324
0.25297
0.25269
0.25242
0.25214
0.25187
0.2516
0.25133
0.25106
0.25079
0.25052
0.25026
0.24999
0.24972
0.24946
0.2492
0.24893
0.24867
0.24841
0.24815
0.24789
0.24763
0.24737
0.24711
0.24686
0.2466
0.24635
0.24609
0.24584
0.24559
0.24533
0.24508
0.24483
0.24458
0.24433
0.24409
0.24384
0.24359
0.24335
0.2431
0.24286
0.24261
0.24237
0.24213
0.24189
0.24164
0.2414
0.24117
0.24093
0.24069
0.24045
0.24022
0.23998
0.23974
0.23951
0.23928
0.23904
0.23881
0.23858
0.23835
0.23812
0.23789
0.23766
0.23743
0.2372
0.23698
0.23675
0.23652
0.2363
0.23608
0.23585
0.23563
0.23541
0.23518
0.23496
0.23474
0.23452
0.2343
0.23409
0.23387
0.23365
0.23343
0.23322
0.233
0.23279
0.23257
0.23236
0.23215
0.23193
0.23172
0.23151
0.2313
0.23109
0.23088
0.23067
0.23046
0.23026
0.23005
0.22984
0.22964
0.22943
0.22923
0.22902
0.22882
0.22861
0.22841
0.22821
0.22801
0.22781
0.22761
0.22741
0.22721
0.22701
0.22681
0.22661
0.22642
0.22622
0.22602
0.22583
0.22563
0.22544
0.22525
0.22505
0.22486
0.22467
0.22448
0.22428
0.22409
0.2239
0.22371
0.22352
0.22334
0.22315
0.22296
0.22277
0.22259
0.2224
0.22221
0.22203
0.22184
0.22166
0.22148
0.22129
0.22111
0.22093
0.22074
0.22056
0.22038
0.2202
0.22002
0.21984
0.21966
0.21948
0.21931
0.21913
0.21895
0.21877
0.2186
0.21842
0.21825
0.21807
0.2179
0.21772
0.21755
0.21738
0.2172
0.21703
0.21686
0.21669
0.21652
0.21635
0.21618
0.21601
0.21584
0.21567
0.2155
0.21533
0.21516
0.215
0.21483
0.21466
0.2145
0.21433
0.21417
0.214
0.21384
0.21367
0.21351
0.21335
0.21318
0.21302
0.21286
0.2127
0.21254
0.21237
0.21221
0.21205
0.21189
0.21173
0.21158
0.21142
0.21126
0.2111
0.21094
0.21079
0.21063
0.21047
0.21032
0.21016
0.21001
0.20985
0.2097
0.20954
0.20939
0.20924
0.20908
0.20893
0.20878
0.20863
0.20848
0.20832
0.20817
0.20802
0.20787
0.20772
0.20757
0.20742
0.20728
0.20713
0.20698
0.20683
0.20668
0.20654
0.20639
0.20624
0.2061
0.20595
0.20581
0.20566
0.20552
0.20537
0.20523
0.20508
0.20494
0.2048
0.20465
0.20451
0.20437
0.20423
0.20409
0.20394
0.2038
0.20366
0.20352
0.20338
0.20324
0.2031
0.20296
0.20283
0.20269
0.20255
0.20241
0.20227
0.20214
0.202
0.20186
0.20173
0.20159
0.20145
0.20132
0.20118
0.20105
0.20091
0.20078
0.20065
0.20051
0.20038
0.20024
0.20011
0.19998
0.19985
0.19971
0.19958
0.19945
0.19932
0.19919
0.19906
0.19893
0.1988
0.19867
0.19854
0.19841
0.19828
0.19815
0.19802
0.19789
0.19777
0.19764
0.19751
0.19738
0.19726
0.19713
0.197
0.19688
0.19675
0.19663
0.1965
0.19638
0.19625
0.19613
0.196
0.19588
0.19575
0.19563
0.19551
0.19538
0.19526
0.19514
0.19502
0.19489
0.19477
0.19465
0.19453
0.19441
0.19429
0.19417
0.19405
0.19393
0.19381
0.19369
0.19357
0.19345
0.19333
0.19321
0.19309
0.19297
0.19285
0.19274
0.19262
0.1925
0.19238
0.19227
0.19215
0.19203
0.19192
0.1918
0.19169
0.19157
0.19146
0.19134
0.19123
0.19111
0.191
0.19088
0.19077
0.19065
0.19054
0.19043
0.19031
0.1902
0.19009
0.18998
0.18986
0.18975
0.18964
0.18953
0.18942
0.1893
0.18919
0.18908
0.18897
0.18886
0.18875
0.18864
0.18853
0.18842
0.18831
0.1882
0.18809
0.18799
0.18788
0.18777
0.18766
0.18755
0.18744
0.18734
0.18723
0.18712
0.18702
0.18691
0.1868
0.1867
0.18659
0.18648
0.18638
0.18627
0.18617
0.18606
0.18596
0.18585
0.18575
0.18564
0.18554
0.18543
0.18533
0.18522
0.18512
0.18502
0.18491
0.18481
0.18471
0.18461
0.1845
0.1844
0.1843
0.1842
0.1841
0.18399
0.18389
0.18379
0.18369
0.18359
0.18349
0.18339
0.18329
0.18319
0.18309
0.18299
0.18289
0.18279
0.18269
0.18259
0.18249
0.18239
0.18229
0.18219
0.1821
0.182
0.1819
0.1818
0.1817
0.18161
0.18151
0.18141
0.18131
0.18122
0.18112
0.18102
0.18093
0.18083
0.18074
0.18064
0.18054
0.18045
0.18035
0.18026
0.18016
0.18007
0.17997
0.17988
0.17978
0.17969
0.1796
0.1795
0.17941
0.17931
0.17922
0.17913
0.17903
0.17894
0.17885
0.17876
0.17866
0.17857
0.17848
0.17839
0.17829
0.1782
0.17811
0.17802
0.17793
0.17784
0.17775
0.17765
0.17756
0.17747
0.17738
0.17729
0.1772
0.17711
0.17702
0.17693
0.17684
0.17675
0.17666
0.17657
0.17649
0.1764
0.17631
0.17622
0.17613
0.17604
0.17595
0.17587
0.17578
0.17569
0.1756
0.17551
0.17543
0.17534
0.17525
0.17517
0.17508
0.17499
0.17491
0.17482
0.17473
0.17465
0.17456
0.17447
0.17439
0.1743
0.17422
0.17413
0.17405
0.17396
0.17388
0.17379
0.17371
0.17362
0.17354
0.17345
0.17337
0.17329
0.1732
0.17312
0.17303
0.17295
0.17287
0.17278
0.1727
0.17262
0.17253
0.17245
0.17237
0.17229
0.1722
0.17212
0.17204
0.17196
0.17187
0.17179
0.17171
0.17163
0.17155
0.17147
0.17139
0.1713
0.17122
0.17114
0.17106
0.17098
0.1709
0.17082
0.17074
0.17066
0.17058
0.1705
0.17042
0.17034
0.17026
0.17018
0.1701
0.17002
0.16994
0.16986
0.16979
0.16971
0.16963
0.16955
0.16947
0.16939
0.16931
0.16924
0.16916
0.16908
0.169
0.16893
0.16885
0.16877
0.16869
0.16862
0.16854
0.16846
0.16838
0.16831
0.16823
0.16815
0.16808
0.168
0.16793
0.16785
0.16777
0.1677
0.16762
0.16755
0.16747
0.1674
0.16732
0.16724
0.16717
0.16709
0.16702
0.16694
0.16687
0.16679
0.16672
0.16665
0.16657
0.1665
0.16642
0.16635
0.16628
0.1662
0.16613
0.16605
0.16598
0.16591
0.16583
0.16576
0.16569
0.16561
0.16554
0.16547
0.1654
0.16532
0.16525
0.16518
0.16511
0.16503
0.16496
0.16489
0.16482
0.16475
0.16467
0.1646
0.16453
0.16446
0.16439
0.16432
0.16425
0.16418
0.1641
0.16403
0.16396
0.16389
0.16382
0.16375
0.16368
0.16361
0.16354
0.16347
0.1634
0.16333
0.16326
0.16319
0.16312
0.16305
0.16298
0.16291
0.16284
0.16277
0.1627
0.16264
0.16257
0.1625
0.16243
0.16236
0.16229
0.16222
0.16216
0.16209
0.16202
0.16195
0.16188
0.16181
0.16175
0.16168
0.16161
0.16154
0.16148
0.16141
0.16134
0.16127
0.16121
0.16114
0.16107
0.16101
0.16094
0.16087
0.16081
0.16074
0.16067
0.16061
0.16054
0.16047
0.16041
0.16034
0.16028
0.16021
0.16014
0.16008
0.16001
0.15995
0.15988
0.15982
0.15975
0.15969
0.15962
0.15956
0.15949
0.15943
0.15936
0.1593
0.15923
0.15917
0.1591
0.15904
0.15897
0.15891
0.15885
0.15878
0.15872
0.15865
0.15859
0.15853
0.15846
0.1584
0.15834
0.15827
0.15821
0.15815
0.15808
0.15802
0.15796
0.15789
0.15783
0.15777
0.1577
0.15764
0.15758
0.15752
0.15745
0.15739
0.15733
0.15727
0.15721
0.15714
0.15708
0.15702
0.15696
0.1569
0.15683
0.15677
0.15671
0.15665
0.15659
0.15653
0.15647
0.1564
0.15634
0.15628
0.15622
0.15616
0.1561
0.15604
0.15598
0.15592
0.15586
0.1558
0.15574
0.15568
0.15562
0.15556
0.1555
0.15544
0.15538
0.15532
0.15526
0.1552
0.15514
0.15508
0.15502
0.15496
0.1549
0.15484
0.15478
0.15472
0.15466
0.1546
0.15454
0.15449
0.15443
0.15437
0.15431
0.15425
0.15419
0.15413
0.15408
0.15402
0.15396
0.1539
0.15384
0.15378
0.15373
0.15367
0.15361
0.15355
0.15349
0.15344
0.15338
0.15332
0.15326
0.15321
0.15315
0.15309
0.15304
0.15298
0.15292
0.15286
0.15281
0.15275
0.15269
0.15264
0.15258
0.15252
0.15247
0.15241
0.15235
0.1523
0.15224
0.15219
0.15213
0.15207
0.15202
0.15196
0.15191
0.15185
0.15179
0.15174
0.15168
0.15163
0.15157
0.15152
0.15146
0.1514
0.15135
0.15129
0.15124
0.15118
0.15113
0.15107
0.15102
0.15096
0.15091
0.15085
0.1508
0.15075
0.15069
0.15064
0.15058
0.15053
0.15047
0.15042
0.15036
0.15031
0.15026
0.1502
0.15015
0.15009
0.15004
0.14999
0.14993
0.14988
0.14983
0.14977
0.14972
0.14967
0.14961
0.14956
0.14951
0.14945
0.1494
0.14935
0.14929
0.14924
0.14919
0.14913
0.14908
0.14903
0.14898
0.14892
0.14887
0.14882
0.14877
0.14871
0.14866
0.14861
0.14856
0.14851
0.14845
0.1484
0.14835
0.1483
0.14825
0.14819
0.14814
0.14809
0.14804
0.14799
0.14793
0.14788
0.14783
0.14778
0.14773
0.14768
0.14763
0.14758
0.14752
0.14747
0.14742
0.14737
0.14732
0.14727
0.14722
0.14717
0.14712
0.14707
0.14702
0.14697
0.14692
0.14686
0.14681
0.14676
0.14671
0.14666
0.14661
0.14656
0.14651
0.14646
0.14641
0.14636
0.14631
0.14626
0.14621
0.14616
0.14611
0.14607
0.14602
0.14597
0.14592
0.14587
0.14582
0.14577
0.14572
0.14567
0.14562
0.14557
0.14552
0.14547
0.14543
0.14538
0.14533
0.14528
0.14523
0.14518
0.14513
0.14508
0.14504
0.14499
0.14494
0.14489
0.14484
0.14479
0.14475
0.1447
0.14465
0.1446
0.14455
0.14451
0.14446
0.14441
0.14436
0.14431
0.14427
0.14422
0.14417
0.14412
0.14408
0.14403
0.14398
0.14393
0.14389
0.14384
0.14379
0.14374
0.1437
0.14365
0.1436
0.14356
0.14351
0.14346
0.14342
0.14337
0.14332
0.14327
0.14323
0.14318
0.14313
0.14309
0.14304
0.143
0.14295
0.1429
0.14286
0.14281
0.14276
0.14272
0.14267
0.14263
0.14258
0.14253
0.14249
0.14244
0.1424
0.14235
0.1423
0.14226
0.14221
0.14217
0.14212
0.14208
0.14203
0.14198
0.14194
0.14189
0.14185
0.1418
0.14176
0.14171
0.14167
0.14162
0.14158
0.14153
0.14149
0.14144
0.1414
0.14135
0.14131
0.14126
0.14122
0.14117
0.14113
0.14108
0.14104
0.141
0.14095
0.14091
0.14086
0.14082
0.14077
0.14073
0.14068
0.14064
0.1406
0.14055
0.14051
0.14046
0.14042
0.14038
0.14033
0.14029
0.14024
0.1402
0.14016
0.14011
0.14007
0.14003
0.13998
0.13994
0.1399
0.13985
0.13981
0.13977
0.13972
0.13968
0.13964
0.13959
0.13955
0.13951
0.13946
0.13942
0.13938
0.13933
0.13929
0.13925
0.13921
0.13916
0.13912
0.13908
0.13904
0.13899
0.13895
0.13891
0.13886
0.13882
0.13878
0.13874
0.1387
0.13865
0.13861
0.13857
0.13853
0.13848
0.13844
0.1384
0.13836
0.13832
0.13827
0.13823
0.13819
0.13815
0.13811
0.13806
0.13802
0.13798
0.13794
0.1379
0.13786
0.13782
0.13777
0.13773
0.13769
0.13765
0.13761
0.13757
0.13753
0.13748
0.13744
0.1374
0.13736
0.13732
0.13728
0.13724
0.1372
0.13716
0.13711
0.13707
0.13703
0.13699
0.13695
0.13691
0.13687
0.13683
0.13679
0.13675
0.13671
0.13667
0.13663
0.13659
0.13655
0.13651
0.13647
0.13643
0.13639
0.13635
0.1363
0.13626
0.13622
0.13618
0.13614
0.1361
0.13606
0.13602
0.13598
0.13595
0.13591
0.13587
0.13583
0.13579
0.13575
0.13571
0.13567
0.13563
0.13559
0.13555
0.13551
0.13547
0.13543
0.13539
0.13535
0.13531
0.13527
0.13523
0.13519
0.13516
0.13512
0.13508
0.13504
0.135
0.13496
0.13492
0.13488
0.13484
0.1348
0.13477
0.13473
0.13469
0.13465
0.13461
0.13457
0.13453
0.1345
0.13446
0.13442
0.13438
0.13434
0.1343
0.13426
0.13423
0.13419
0.13415
0.13411
0.13407
0.13404
0.134
0.13396
0.13392
0.13388
0.13385
0.13381
0.13377
0.13373
0.13369
0.13366
0.13362
0.13358
0.13354
0.1335
0.13347
0.13343
0.13339
0.13335
0.13332
0.13328
0.13324
0.1332
0.13317
0.13313
0.13309
0.13305
0.13302
0.13298
0.13294
0.13291
0.13287
0.13283
0.13279
0.13276
0.13272
0.13268
0.13265
0.13261
0.13257
0.13254
0.1325
0.13246
0.13243
0.13239
0.13235
0.13231
0.13228
0.13224
0.13221
0.13217
0.13213
0.1321
0.13206
0.13202
0.13199
0.13195
0.13191
0.13188
0.13184
0.1318
0.13177
0.13173
0.1317
0.13166
0.13162
0.13159
0.13155
0.13152
0.13148
0.13144
0.13141
0.13137
0.13134
0.1313
0.13126
0.13123
0.13119
0.13116
0.13112
0.13109
0.13105
0.13101
0.13098
0.13094
0.13091
0.13087
0.13084
0.1308
0.13077
0.13073
0.13069
0.13066
0.13062
0.13059
0.13055
0.13052
0.13048
0.13045
0.13041
0.13038
0.13034
0.13031
0.13027
0.13024
0.1302
0.13017
0.13013
0.1301
0.13006
0.13003
0.12999
0.12996
0.12992
0.12989
0.12986
0.12982
0.12979
0.12975
0.12972
0.12968
0.12965
0.12961
0.12958
0.12954
0.12951
0.12948
0.12944
0.12941
0.12937
0.12934
0.1293
0.12927
0.12924
0.1292
0.12917
0.12913
0.1291
0.12907
0.12903
0.129
0.12896
0.12893
0.1289
0.12886
0.12883
0.12879
0.12876
0.12873
0.12869
0.12866
0.12863
0.12859
0.12856
0.12852
0.12849
0.12846
0.12842
0.12839
0.12836
0.12832
0.12829
0.12826
0.12822
0.12819
0.12816
0.12812
0.12809
0.12806
0.12802
0.12799
0.12796
0.12792
0.12789
0.12786
0.12783
0.12779
0.12776
0.12773
0.12769
0.12766
0.12763
0.12759
0.12756
0.12753
0.1275
0.12746
0.12743
0.1274
0.12737
0.12733
0.1273
0.12727
0.12723
0.1272
0.12717
0.12714
0.1271
0.12707
0.12704
0.12701
0.12698
0.12694
0.12691
0.12688
0.12685
0.12681
0.12678
0.12675
0.12672
0.12668
0.12665
0.12662
0.12659
0.12656
0.12652
0.12649
0.12646
0.12643
0.1264
0.12636
0.12633
0.1263
0.12627
0.12624
0.12621
0.12617
0.12614
0.12611
0.12608
0.12605
0.12602
0.12598
0.12595
0.12592
0.12589
0.12586
0.12583
0.12579
0.12576
0.12573
0.1257
0.12567
0.12564
0.12561
0.12557
0.12554
0.12551
0.12548
0.12545
0.12542
0.12539
0.12536
0.12532
0.12529
0.12526
0.12523
0.1252
0.12517
0.12514
0.12511
0.12508
0.12505
0.12501
0.12498
0.12495
0.12492
0.12489
0.12486
0.12483
0.1248
0.12477
0.12474
0.12471
0.12468
0.12465
0.12462
0.12458
0.12455
0.12452
0.12449
0.12446
0.12443
0.1244
0.12437
0.12434
0.12431
0.12428
0.12425
0.12422
0.12419
0.12416
0.12413
0.1241
0.12407
0.12404
0.12401
0.12398
0.12395
0.12392
0.12389
0.12386
0.12383
0.1238
0.12377
0.12374
0.12371
0.12368
0.12365
0.12362
0.12359
0.12356
0.12353
0.1235
0.12347
0.12344
0.12341
0.12338
0.12335
0.12332
0.12329
0.12326
0.12323
0.1232
0.12317
0.12314
0.12311
0.12308
0.12306
0.12303
0.123
0.12297
0.12294
0.12291
0.12288
0.12285
0.12282
0.12279
0.12276
0.12273
0.1227
0.12267
0.12264
0.12262
0.12259
0.12256
0.12253
0.1225
0.12247
0.12244
0.12241
0.12238
0.12235
0.12233
0.1223
0.12227
0.12224
0.12221
0.12218
0.12215
0.12212
0.12209
0.12207
0.12204
0.12201
0.12198
0.12195
0.12192
0.12189
0.12187
0.12184
0.12181
0.12178
0.12175
0.12172
0.12169
0.12167
0.12164
0.12161
0.12158
0.12155
0.12152
0.1215
0.12147
0.12144
0.12141
0.12138
0.12135
0.12133
0.1213
0.12127
0.12124
0.12121
0.12119
0.12116
0.12113
0.1211
0.12107
0.12104
0.12102
0.12099
0.12096
0.12093
0.12091
0.12088
0.12085
0.12082
0.12079
0.12077
0.12074
0.12071
0.12068
0.12065
0.12063
0.1206
0.12057
0.12054
0.12052
0.12049
0.12046
0.12043
0.12041
0.12038
0.12035
0.12032
0.1203
0.12027
0.12024
0.12021
0.12019
0.12016
0.12013
0.1201
0.12008
0.12005
0.12002
0.11999
0.11997
0.11994
0.11991
0.11989
0.11986
0.11983
0.1198
0.11978
0.11975
0.11972
0.1197
0.11967
0.11964
0.11961
0.11959
0.11956
0.11953
0.11951
0.11948
0.11945
0.11943
0.1194
0.11937
0.11934
0.11932
0.11929
0.11926
0.11924
0.11921
0.11918
0.11916
0.11913
0.1191
0.11908
0.11905
0.11902
0.119
0.11897
0.11894
0.11892
0.11889
0.11886
0.11884
0.11881
0.11879
0.11876
0.11873
0.11871
0.11868
0.11865
0.11863
0.1186
0.11857
0.11855
0.11852
0.1185
0.11847
0.11844
0.11842
0.11839
0.11836
0.11834
0.11831
0.11829
0.11826
0.11823
0.11821
0.11818
0.11816
0.11813
0.1181
0.11808
0.11805
0.11803
0.118
0.11797
0.11795
0.11792
0.1179
0.11787
0.11784
0.11782
0.11779
0.11777
0.11774
0.11772
0.11769
0.11766
0.11764
0.11761
0.11759
0.11756
0.11754
0.11751
0.11748
0.11746
0.11743
0.11741
0.11738
0.11736
0.11733
0.11731
0.11728
0.11725
0.11723
0.1172
0.11718
0.11715
0.11713
0.1171
0.11708
0.11705
0.11703
0.117
0.11698
0.11695
0.11693
0.1169
0.11687
0.11685
0.11682
0.1168
0.11677
0.11675
0.11672
0.1167
0.11667
0.11665
0.11662
0.1166
0.11657
0.11655
0.11652
0.1165
0.11647
0.11645
0.11642
0.1164
0.11637
0.11635
0.11632
0.1163
0.11627
0.11625
0.11623
0.1162
0.11618
0.11615
0.11613
0.1161
0.11608
0.11605
0.11603
0.116
0.11598
0.11595
0.11593
0.1159
0.11588
0.11586
0.11583
0.11581
0.11578
0.11576
0.11573
0.11571
0.11568
0.11566
0.11564
0.11561
0.11559
0.11556
0.11554
0.11551
0.11549
0.11546
0.11544
0.11542
0.11539
0.11537
0.11534
0.11532
0.11529
0.11527
0.11525
0.11522
0.1152
0.11517
0.11515
0.11513
0.1151
0.11508
0.11505
0.11503
0.11501
0.11498
0.11496
0.11493
0.11491
0.11489
0.11486
0.11484
0.11481
0.11479
0.11477
0.11474
0.11472
0.1147
0.11467
0.11465
0.11462
0.1146
0.11458
0.11455
0.11453
0.11451
0.11448
0.11446
0.11443
0.11441
0.11439
0.11436
0.11434
0.11432
0.11429
0.11427
0.11425
0.11422
0.1142
0.11418
0.11415
0.11413
0.1141
0.11408
0.11406
0.11403
0.11401
0.11399
0.11396
0.11394
0.11392
0.11389
0.11387
0.11385
0.11382
0.1138
0.11378
0.11375
0.11373
0.11371
0.11369
0.11366
0.11364
0.11362
0.11359
0.11357
0.11355
0.11352
0.1135
0.11348
0.11345
0.11343
0.11341
0.11339
0.11336
0.11334
0.11332
0.11329
0.11327
0.11325
0.11322
0.1132
0.11318
0.11316
0.11313
0.11311
0.11309
0.11306
0.11304
0.11302
0.113
0.11297
0.11295
0.11293
0.11291
0.11288
0.11286
0.11284
0.11281
0.11279
0.11277
0.11275
0.11272
0.1127
0.11268
0.11266
0.11263
0.11261
0.11259
0.11257
0.11254
0.11252
0.1125
0.11248
0.11245
0.11243
0.11241
0.11239
0.11236
0.11234
0.11232
0.1123
0.11228
0.11225
0.11223
0.11221
0.11219
0.11216
0.11214
0.11212
0.1121
0.11207
0.11205
0.11203
0.11201
0.11199
0.11196
0.11194
0.11192
0.1119
0.11188
0.11185
0.11183
0.11181
0.11179
0.11177
0.11174
0.11172
0.1117
0.11168
0.11166
0.11163
0.11161
0.11159
0.11157
0.11155
0.11152
0.1115
0.11148
0.11146
0.11144
0.11141
0.11139
0.11137
0.11135
0.11133
0.11131
0.11128
0.11126
0.11124
0.11122
0.1112
0.11118
0.11115
0.11113
0.11111
0.11109
0.11107
0.11105
0.11102
0.111
0.11098
0.11096
0.11094
0.11092
0.11089
0.11087
0.11085
0.11083
0.11081
0.11079
0.11077
0.11074
0.11072
0.1107
0.11068
0.11066
0.11064
0.11062
0.1106
0.11057
0.11055
0.11053
0.11051
0.11049
0.11047
0.11045
0.11042
0.1104
0.11038
0.11036
0.11034
0.11032
0.1103
0.11028
0.11026
0.11023
0.11021
0.11019
0.11017
0.11015
0.11013
0.11011
0.11009
0.11007
0.11004
0.11002
0.11
0.10998
0.10996
0.10994
0.10992
0.1099
0.10988
0.10986
0.10984
0.10981
0.10979
0.10977
0.10975
0.10973
0.10971
0.10969
0.10967
0.10965
0.10963
0.10961
0.10959
0.10956
0.10954
0.10952
0.1095
0.10948
0.10946
0.10944
0.10942
0.1094
0.10938
0.10936
0.10934
0.10932
0.1093
0.10928
0.10925
0.10923
0.10921
0.10919
0.10917
0.10915
0.10913
0.10911
0.10909
0.10907
0.10905
0.10903
0.10901
0.10899
0.10897
0.10895
0.10893
0.10891
0.10889
0.10887
0.10885
0.10883
0.10881
0.10879
0.10876
0.10874
0.10872
0.1087
0.10868
0.10866
0.10864
0.10862
0.1086
0.10858
0.10856
0.10854
0.10852
0.1085
0.10848
0.10846
0.10844
0.10842
0.1084
0.10838
0.10836
0.10834
0.10832
0.1083
0.10828
0.10826
0.10824
0.10822
0.1082
0.10818
0.10816
0.10814
0.10812
0.1081
0.10808
0.10806
0.10804
0.10802
0.108
0.10798
0.10796
0.10794
0.10792
0.1079
0.10788
0.10786
0.10784
0.10782
0.1078
0.10778
0.10776
0.10775
0.10773
0.10771
0.10769
0.10767
0.10765
0.10763
0.10761
0.10759
0.10757
0.10755
0.10753
0.10751
0.10749
0.10747
0.10745
0.10743
0.10741
0.10739
0.10737
0.10735
0.10733
0.10731
0.10729
0.10728
0.10726
0.10724
0.10722
0.1072
0.10718
0.10716
0.10714
0.10712
0.1071
0.10708
0.10706
0.10704
0.10702
0.107
0.10698
0.10697
0.10695
0.10693
0.10691
0.10689
0.10687
0.10685
0.10683
0.10681
0.10679
0.10677
0.10675
0.10673
0.10672
0.1067
0.10668
0.10666
0.10664
0.10662
0.1066
0.10658
0.10656
0.10654
0.10652
0.10651
0.10649
0.10647
0.10645
0.10643
0.10641
0.10639
0.10637
0.10635
0.10633
0.10632
0.1063
0.10628
0.10626
0.10624
0.10622
0.1062
0.10618
0.10616
0.10615
0.10613
0.10611
0.10609
0.10607
0.10605
0.10603
0.10601
0.10599
0.10598
0.10596
0.10594
0.10592
0.1059
0.10588
0.10586
0.10585
0.10583
0.10581
0.10579
0.10577
0.10575
0.10573
0.10571
0.1057
0.10568
0.10566
0.10564
0.10562
0.1056
0.10558
0.10557
0.10555
0.10553
0.10551
0.10549
0.10547
0.10545
0.10544
0.10542
0.1054
0.10538
0.10536
0.10534
0.10533
0.10531
0.10529
0.10527
0.10525
0.10523
0.10522
0.1052
0.10518
0.10516
0.10514
0.10512
0.10511
0.10509
0.10507
0.10505
0.10503
0.10501
0.105
0.10498
0.10496
0.10494
0.10492
0.1049
0.10489
0.10487
0.10485
0.10483
0.10481
0.1048
0.10478
0.10476
0.10474
0.10472
0.10471
0.10469
0.10467
0.10465
0.10463
0.10462
0.1046
0.10458
0.10456
0.10454
0.10453
0.10451
0.10449
0.10447
0.10445
0.10444
0.10442
0.1044
0.10438
0.10436
0.10435
0.10433
0.10431
0.10429
0.10427
0.10426
0.10424
0.10422
0.1042
0.10418
0.10417
0.10415
0.10413
0.10411
0.1041
0.10408
0.10406
0.10404
0.10402
0.10401
0.10399
0.10397
0.10395
0.10394
0.10392
0.1039
0.10388
0.10387
0.10385
0.10383
0.10381
0.1038
0.10378
0.10376
0.10374
0.10372
0.10371
0.10369
0.10367
0.10365
0.10364
0.10362
0.1036
0.10358
0.10357
0.10355
0.10353
0.10351
0.1035
0.10348
0.10346
0.10344
0.10343
0.10341
0.10339
0.10337
0.10336
0.10334
0.10332
0.10331
0.10329
0.10327
0.10325
0.10324
0.10322
0.1032
0.10318
0.10317
0.10315
0.10313
0.10311
0.1031
0.10308
0.10306
0.10305
0.10303
0.10301
0.10299
0.10298
0.10296
0.10294
0.10293
0.10291
0.10289
0.10287
0.10286
0.10284
0.10282
0.10281
0.10279
0.10277
0.10275
0.10274
0.10272
0.1027
0.10269
0.10267
0.10265
0.10263
0.10262
0.1026
0.10258
0.10257
0.10255
0.10253
0.10252
0.1025
0.10248
0.10246
0.10245
0.10243
0.10241
0.1024
0.10238
0.10236
0.10235
0.10233
0.10231
0.1023
0.10228
0.10226
0.10225
0.10223
0.10221
0.10219
0.10218
0.10216
0.10214
0.10213
0.10211
0.10209
0.10208
0.10206
0.10204
0.10203
0.10201
0.10199
0.10198
0.10196
0.10194
0.10193
0.10191
0.10189
0.10188
0.10186
0.10184
0.10183
0.10181
0.10179
0.10178
0.10176
0.10174
0.10173
0.10171
0.10169
0.10168
0.10166
0.10164
0.10163
0.10161
0.10159
0.10158
0.10156
0.10155
0.10153
0.10151
0.1015
0.10148
