0
0.00089946
0.0006061
0.00049494
0.00043609
0.00039928
0.00037368
0.00035444
0.00033903
0.00032599
0.00031443
0.00030378
0.00029367
0.00028387
0.00027425
0.00026472
0.00025527
0.00024592
0.00023671
0.0002277
0.00021897
0.00021059
0.00020267
0.00019527
0.00018849
0.00018239
0.00017705
0.00017251
0.00016882
0.00016602
0.00016414
0.00016319
0.00016318
0.00016412
0.00016598
0.00016876
0.00017242
0.00017695
0.0001823
0.00018843
0.00019527
0.00020278
0.00021087
0.00021948
0.0002285
0.00023783
0.00024738
0.00025701
0.0002666
0.000276
0.00028509
0.0002937
0.00030169
0.00030891
0.00031523
0.00032052
0.00032466
0.00032756
0.00032915
0.00032938
0.00032825
0.00032576
0.00032197
0.00031695
0.00031082
0.00030371
0.00029579
0.00028722
0.00027821
0.00026895
0.00025965
0.00025051
0.00024172
0.00023348
0.00022594
0.00021927
0.0002136
0.00020904
0.0002057
0.00020366
0.00020296
0.00020366
0.00020577
0.00020932
0.00021429
0.00022066
0.00022841
0.00023749
0.00024784
0.0002594
0.00027208
0.00028577
0.00030038
0.00031577
0.00033179
0.00034829
0.00036508
0.00038197
0.00039875
0.00041519
0.00043106
0.00044611
0.00046011
0.00047282
0.00048401
0.00049347
0.00050101
0.00050648
0.00050976
0.0005108
0.00050955
0.00050605
0.00050039
0.00049268
0.00048313
0.00047194
0.00045939
0.00044577
0.0004314
0.00041661
0.00040173
0.00038711
0.00037306
0.00035988
0.00034787
0.00033727
0.00032831
0.00032117
0.00031603
0.00031301
0.00031221
0.0003137
0.00031752
0.00032368
0.00033218
0.00034299
0.00035606
0.00037132
0.00038866
0.00040798
0.00042914
0.00045198
0.00047631
0.00050193
0.00052858
0.00055601
0.00058392
0.00061198
0.00063985
0.00066716
0.00069353
0.00071855
0.00074183
0.00076297
0.0007816
0.00079737
0.00080999
0.00081919
0.00082478
0.00082666
0.00082478
0.00081918
0.00081001
0.00079748
0.0007819
0.00076362
0.0007431
0.0007208
0.00069727
0.00067305
0.00064868
0.00062473
0.00060171
0.00058014
0.00056048
0.00054314
0.0005285
0.00051688
0.00050853
0.00050368
0.00050248
0.00050505
0.00051146
0.00052173
0.00053585
0.00055378
0.00057542
0.00060066
0.00062935
0.00066129
0.00069626
0.000734
0.00077419
0.00081649
0.0008605
0.00090578
0.00095186
0.00099818
0.0010442
0.0010893
0.0011328
0.0011741
0.0012125
0.0012474
0.0012782
0.0013043
0.0013251
0.0013403
0.0013496
0.0013528
0.0013498
0.0013406
0.0013256
0.001305
0.0012794
0.0012494
0.0012156
0.001179
0.0011403
0.0011004
0.0010604
0.001021
0.00098311
0.00094764
0.00091531
0.00088682
0.00086276
0.00084368
0.00082999
0.00082205
0.00082013
0.00082442
0.00083503
0.000852
0.00087532
0.0009049
0.00094061
0.00098224
0.0010295
0.0010822
0.0011399
0.001202
0.0012683
0.001338
0.0014105
0.0014852
0.0015611
0.0016374
0.0017132
0.0017875
0.0018592
0.0019272
0.0019905
0.002048
0.0020987
0.0021417
0.002176
0.0022011
0.0022164
0.0022217
0.0022167
0.0022017
0.0021769
0.0021431
0.0021009
0.0020515
0.001996
0.0019357
0.001872
0.0018064
0.0017405
0.0016757
0.0016134
0.001555
0.0015018
0.001455
0.0014154
0.001384
0.0013615
0.0013484
0.0013453
0.0013524
0.0013699
0.0013979
0.0014363
0.001485
0.0015438
0.0016124
0.0016902
0.001777
0.0018719
0.0019743
0.0020833
0.0021981
0.0023175
0.0024403
0.0025652
0.0026909
0.0028156
0.0029378
0.0030558
0.0031677
0.0032719
0.0033665
0.0034498
0.0035204
0.0035769
0.0036182
0.0036433
0.0036519
0.0036437
0.0036189
0.0035782
0.0035225
0.0034532
0.0033719
0.0032805
0.0031813
0.0030766
0.0029688
0.0028603
0.0027537
0.0026513
0.0025553
0.0024678
0.0023907
0.0023257
0.002274
0.002237
0.0022156
0.0022104
0.0022221
0.0022509
0.0022969
0.0023601
0.0024402
0.0025369
0.0026496
0.0027777
0.0029203
0.0030764
0.0032447
0.003424
0.0036127
0.0038089
0.0040108
0.0042162
0.0044226
0.0046276
0.0048283
0.0050221
0.005206
0.005377
0.0055323
0.0056691
0.005785
0.0058776
0.0059452
0.0059864
0.0060003
0.0059867
0.0059459
0.0058789
0.0057874
0.0056734
0.0055398
0.0053897
0.0052268
0.0050547
0.0048776
0.0046995
0.0045244
0.0043562
0.0041985
0.0040548
0.0039282
0.0038213
0.0037365
0.0036757
0.0036404
0.003632
0.0036511
0.0036983
0.0037738
0.0038775
0.0040091
0.0041678
0.0043529
0.0045632
0.0047972
0.0050533
0.0053296
0.0056238
0.0059333
0.0062552
0.0065864
0.0069231
0.0072616
0.0075976
0.0079267
0.0082442
0.0085453
0.0088254
0.0090796
0.0093036
0.009493
0.0096445
0.0097548
0.0098219
0.0098443
0.0098216
0.0097543
0.0096442
0.0094939
0.009307
0.0090879
0.0088418
0.0085747
0.0082927
0.0080025
0.0077106
0.0074237
0.007148
0.0068897
0.0066543
0.0064467
0.0062715
0.0061325
0.0060328
0.005975
0.005961
0.0059922
0.0060695
0.006193
0.0063628
0.0065781
0.0068379
0.0071408
0.0074849
0.0078679
0.008287
0.008739
0.0092202
0.0097263
0.010253
0.010794
0.011344
0.011897
0.012446
0.012983
0.013501
0.013993
0.014449
0.014864
0.015228
0.015537
0.015783
0.015962
0.01607
0.016105
0.016067
0.015956
0.015776
0.01553
0.015224
0.014866
0.014464
0.014028
0.013567
0.013093
0.012617
0.012149
0.011699
0.011277
0.010893
0.010554
0.010268
0.010041
0.009878
0.0097834
0.0097603
0.0098109
0.0099365
0.010138
0.010414
0.010765
0.011188
0.011682
0.012242
0.012866
0.013548
0.014284
0.015067
0.015891
0.016747
0.017627
0.018521
0.019419
0.02031
0.021181
0.022021
0.022817
0.023557
0.024227
0.024816
0.025313
0.025709
0.025997
0.026169
0.026223
0.026159
0.025976
0.025681
0.02528
0.024782
0.0242
0.023547
0.022839
0.022092
0.021323
0.020551
0.019791
0.019061
0.018378
0.017754
0.017205
0.016741
0.016372
0.016107
0.015953
0.015915
0.015996
0.016199
0.016524
0.016971
0.017538
0.018222
0.01902
0.019925
0.020933
0.022035
0.023224
0.024487
0.025816
0.027196
0.028614
0.030053
0.031498
0.03293
0.034329
0.035677
0.036953
0.038136
0.039206
0.040146
0.040937
0.041566
0.042019
0.042288
0.042367
0.042255
0.041956
0.041476
0.040826
0.040023
0.039086
0.038035
0.036897
0.035696
0.034462
0.033222
0.032002
0.030831
0.029734
0.028733
0.027851
0.027105
0.026512
0.026086
0.025837
0.025774
0.025902
0.026224
0.026742
0.027455
0.028361
0.029453
0.030727
0.032173
0.033781
0.035539
0.037432
0.039445
0.041559
0.043753
0.046004
0.048288
0.050577
0.052842
0.055053
0.057178
0.059186
0.061044
0.062722
0.06419
0.065422
0.066395
0.06709
0.067494
0.067598
0.067403
0.066913
0.066139
0.0651
0.063822
0.062332
0.060668
0.058866
0.056969
0.055018
0.05306
0.051135
0.049286
0.047554
0.045974
0.044579
0.0434
0.042462
0.041786
0.041389
0.041283
0.041479
0.04198
0.04279
0.043905
0.045322
0.047033
0.049027
0.051289
0.053803
0.05655
0.059505
0.062643
0.065934
0.069345
0.072839
0.076377
0.079916
0.083411
0.086813
0.090076
0.093149
0.095983
0.098532
0.10075
0.1026
0.10405
0.10507
0.10564
0.10576
0.10541
0.10461
0.10338
0.10176
0.099762
0.09745
0.094874
0.092092
0.089167
0.086164
0.08315
0.080189
0.077346
0.074681
0.072249
0.070102
0.068285
0.066835
0.065787
0.065165
0.06499
0.065275
0.066029
0.067253
0.068944
0.071094
0.073691
0.076716
0.080147
0.083956
0.088112
0.092577
0.097309
0.10226
0.10738
0.11262
0.1179
0.12317
0.12836
0.13339
0.13819
0.14269
0.14683
0.15052
0.15371
0.15635
0.15838
0.15978
0.16051
0.16056
0.15994
0.15867
0.15677
0.15429
0.15128
0.14782
0.14397
0.13984
0.1355
0.13105
0.12659
0.12221
0.11801
0.11407
0.11047
0.10729
0.1046
0.10244
0.10087
0.099928
0.09964
0.10003
0.1011
0.10286
0.1053
0.10841
0.11217
0.11655
0.12151
0.12702
0.13301
0.13943
0.14622
0.1533
0.1606
0.16803
0.1755
0.18292
0.19018
0.19718
0.20383
0.21001
0.21565
0.22064
0.2249
0.22836
0.23097
0.23268
0.23346
0.23331
0.23223
0.23026
0.22743
0.22382
0.21951
0.21458
0.20915
0.20333
0.19725
0.19103
0.1848
0.17869
0.17283
0.16733
0.1623
0.15785
0.15407
0.15103
0.1488
0.14743
0.14696
0.14743
0.14884
0.15119
0.15448
0.15869
0.16377
0.16969
0.17639
0.1838
0.19185
0.20045
0.20951
0.21893
0.22858
0.23836
0.24812
0.25776
0.26712
0.27608
0.28451
0.29228
0.29927
0.30537
0.31049
0.31455
0.31749
0.31925
0.31983
0.31923
0.31745
0.31456
0.31062
0.30571
0.29994
0.29343
0.28631
0.27872
0.27083
0.26278
0.25474
0.24687
0.23931
0.23221
0.22572
0.21996
0.21505
0.21107
0.20812
0.20626
0.20555
0.20601
0.20767
0.21051
0.21454
0.2197
0.22596
0.23324
0.24147
0.25056
0.26041
0.27088
0.28186
0.2932
0.30476
0.31638
0.3279
0.33916
0.35
0.36027
0.36981
0.37848
0.38616
0.39273
0.39809
0.40218
0.40493
0.40633
0.40635
0.40502
0.40239
0.39851
0.39346
0.38736
0.38032
0.37249
0.36401
0.35505
0.34576
0.33633
0.32694
0.31774
0.30892
0.30064
0.29304
0.28628
0.28048
0.27575
0.27219
0.26987
0.26885
0.26917
0.27085
0.27387
0.27822
0.28385
0.29069
0.29867
0.30768
0.31759
0.32829
0.33963
0.35144
0.36356
0.37582
0.38804
0.40004
0.41165
0.42269
0.43301
0.44246
0.45089
0.45819
0.46427
0.46904
0.47244
0.47446
0.47507
0.47429
0.47215
0.46872
0.46406
0.45828
0.45149
0.44381
0.43537
0.42634
0.41686
0.4071
0.39723
0.38742
0.37783
0.36864
0.35999
0.35204
0.34494
0.33881
0.33375
0.32988
0.32726
0.32596
0.326
0.32741
0.33017
0.33425
0.3396
0.34615
0.3538
0.36243
0.37193
0.38213
0.39289
0.40404
0.4154
0.4268
0.43805
0.44899
0.45945
0.46926
0.47829
0.48641
0.4935
0.49948
0.50426
0.5078
0.51006
0.51105
0.51076
0.50923
0.50651
0.50265
0.49774
0.49187
0.48514
0.47767
0.46958
0.461
0.45206
0.44291
0.4337
0.42455
0.41563
0.40707
0.39901
0.39158
0.3849
0.3791
0.37426
0.37047
0.36781
0.36632
0.36604
0.36697
0.3691
0.37241
0.37683
0.38229
0.38871
0.39597
0.40394
0.41248
0.42146
0.43071
0.44007
0.44939
0.45851
0.46729
0.47557
0.48324
0.49018
0.49629
0.50149
0.50571
0.50893
0.5111
0.51221
0.51228
0.51132
0.50938
0.50649
0.50272
0.49814
0.49283
0.48686
0.48034
0.47335
0.46601
0.45842
0.45068
0.44291
0.43521
0.42771
0.4205
0.41371
0.40742
0.40175
0.39677
0.39257
0.38921
0.38676
0.38524
0.38469
0.38512
0.3865
0.38881
0.39201
0.39603
0.40078
0.40619
0.41214
0.41851
0.42518
0.43202
0.43892
0.44573
0.45234
0.45864
0.46451
0.46987
0.47463
0.47873
0.48211
0.48474
0.48659
0.48765
0.48792
0.48741
0.48615
0.48418
0.48152
0.47824
0.47438
0.47
0.46517
0.45996
0.45443
0.44865
0.44271
0.43669
0.43065
0.42468
0.41886
0.41326
0.40797
0.40306
0.3986
0.39465
0.39128
0.38852
0.38643
0.38503
0.38434
0.38436
0.38509
0.38649
0.38854
0.39118
0.39435
0.39799
0.402
0.40631
0.41081
0.41542
0.42005
0.42459
0.42896
0.43309
0.43689
0.44031
0.44329
0.44578
0.44776
0.4492
0.45008
0.45042
0.4502
0.44945
0.44819
0.44644
0.44423
0.44159
0.43858
0.43522
0.43156
0.42765
0.42353
0.41926
0.41489
0.41046
0.40603
0.40166
0.3974
0.39329
0.3894
0.38577
0.38245
0.37949
0.37692
0.37478
0.3731
0.37189
0.37117
0.37094
0.3712
0.37192
0.37308
0.37465
0.37657
0.37881
0.38131
0.38399
0.3868
0.38968
0.39255
0.39536
0.39805
0.40055
0.40283
0.40485
0.40656
0.40794
0.40897
0.40964
0.40994
0.40988
0.40945
0.40867
0.40756
0.40613
0.4044
0.4024
0.40015
0.39768
0.39503
0.39221
0.38927
0.38623
0.38312
0.37999
0.37686
0.37377
0.37075
0.36784
0.36508
0.36249
0.3601
0.35795
0.35606
0.35445
0.35314
0.35215
0.35147
0.35112
0.35109
0.35137
0.35193
0.35276
0.35383
0.3551
0.35653
0.35808
0.35972
0.36139
0.36306
0.36468
0.36622
0.36764
0.3689
0.37
0.37089
0.37157
0.37202
0.37224
0.37223
0.37197
0.37149
0.37078
0.36986
0.36874
0.36744
0.36596
0.36433
0.36256
0.36067
0.35869
0.35662
0.3545
0.35234
0.35016
0.34799
0.34585
0.34375
0.34172
0.33979
0.33797
0.33627
0.33474
0.33336
0.33217
0.33117
0.33037
0.32978
0.3294
0.32921
0.32923
0.32943
0.32979
0.33031
0.33096
0.33171
0.33253
0.33341
0.33431
0.33521
0.33608
0.33689
0.33762
0.33826
0.33879
0.33919
0.33946
0.33958
0.33955
0.33938
0.33906
0.3386
0.33799
0.33726
0.3364
0.33542
0.33434
0.33317
0.33191
0.33057
0.32918
0.32774
0.32627
0.32477
0.32326
0.32176
0.32028
0.31882
0.31741
0.31606
0.31478
0.31359
0.31249
0.31149
0.31061
0.30985
0.30921
0.30871
0.30833
0.30808
0.30796
0.30795
0.30805
0.30824
0.30851
0.30885
0.30923
0.30965
0.31008
0.3105
0.31091
0.31129
0.31161
0.31188
0.31208
0.3122
0.31223
0.31218
0.31203
0.31179
0.31147
0.31105
0.31055
0.30997
0.30931
0.30858
0.30778
0.30693
0.30603
0.30508
0.3041
0.30309
0.30205
0.30101
0.29996
0.29891
0.29787
0.29686
0.29587
0.29492
0.29401
0.29315
0.29236
0.29163
0.29097
0.29038
0.28988
0.28945
0.28911
0.28884
0.28865
0.28854
0.28848
0.28849
0.28855
0.28865
0.28877
0.28892
0.28908
0.28923
0.28937
0.2895
0.28959
0.28964
0.28966
0.28962
0.28953
0.28939
0.2892
0.28894
0.28864
0.28827
0.28786
0.2874
0.28689
0.28633
0.28574
0.28511
0.28446
0.28377
0.28307
0.28234
0.28161
0.28086
0.28012
0.27938
0.27864
0.27792
0.27721
0.27653
0.27587
0.27525
0.27466
0.27412
0.27362
0.27316
0.27275
0.2724
0.27209
0.27183
0.27162
0.27145
0.27133
0.27124
0.27118
0.27114
0.27113
0.27112
0.27113
0.27113
0.27112
0.2711
0.27107
0.27101
0.27093
0.27081
0.27067
0.27049
0.27028
0.27003
0.26976
0.26944
0.2691
0.26873
0.26833
0.2679
0.26745
0.26698
0.26649
0.26598
0.26546
0.26493
0.2644
0.26386
0.26331
0.26277
0.26224
0.26171
0.26119
0.26069
0.26021
0.25974
0.2593
0.25888
0.25849
0.25813
0.2578
0.2575
0.25723
0.25699
0.25677
0.25659
0.25643
0.25629
0.25618
0.25607
0.25598
0.2559
0.25582
0.25574
0.25566
0.25557
0.25547
0.25535
0.25522
0.25507
0.2549
0.25472
0.25451
0.25428
0.25403
0.25376
0.25348
0.25317
0.25285
0.25251
0.25216
0.2518
0.25142
0.25104
0.25065
0.25025
0.24984
0.24944
0.24903
0.24863
0.24823
0.24783
0.24744
0.24706
0.24669
0.24634
0.24599
0.24567
0.24536
0.24506
0.24479
0.24453
0.24429
0.24408
0.24387
0.24369
0.24352
0.24337
0.24322
0.24309
0.24296
0.24284
0.24272
0.24261
0.24248
0.24236
0.24223
0.24209
0.24194
0.24178
0.24161
0.24142
0.24123
0.24102
0.2408
0.24057
0.24033
0.24007
0.23981
0.23953
0.23925
0.23896
0.23867
0.23837
0.23806
0.23775
0.23744
0.23713
0.23682
0.2365
0.23619
0.23589
0.23559
0.23529
0.235
0.23472
0.23444
0.23418
0.23392
0.23368
0.23345
0.23323
0.23302
0.23282
0.23264
0.23246
0.2323
0.23214
0.23199
0.23185
0.23171
0.23157
0.23143
0.2313
0.23116
0.23102
0.23088
0.23074
0.23058
0.23042
0.23026
0.23009
0.22991
0.22972
0.22952
0.22932
0.22911
0.2289
0.22868
0.22845
0.22822
0.22799
0.22775
0.2275
0.22726
0.22701
0.22676
0.22651
0.22626
0.22602
0.22577
0.22552
0.22528
0.22504
0.22481
0.22458
0.22435
0.22414
0.22392
0.22372
0.22352
0.22333
0.22315
0.22297
0.2228
0.22264
0.22248
0.22233
0.22218
0.22203
0.22189
0.22175
0.22162
0.22148
0.22134
0.2212
0.22106
0.22091
0.22077
0.22061
0.22046
0.2203
0.22013
0.21997
0.21979
0.21962
0.21943
0.21925
0.21906
0.21887
0.21868
0.21848
0.21828
0.21808
0.21788
0.21767
0.21747
0.21726
0.21706
0.21686
0.21665
0.21645
0.21625
0.21605
0.21586
0.21567
0.21548
0.2153
0.21511
0.21494
0.21477
0.2146
0.21444
0.21428
0.21412
0.21397
0.21382
0.21368
0.21354
0.2134
0.21327
0.21313
0.213
0.21286
0.21273
0.21259
0.21246
0.21232
0.21218
0.21204
0.21189
0.21175
0.2116
0.21144
0.21129
0.21113
0.21097
0.21081
0.21065
0.21049
0.21032
0.21015
0.20998
0.20981
0.20964
0.20947
0.2093
0.20912
0.20895
0.20878
0.20861
0.20844
0.20827
0.2081
0.20794
0.20777
0.20761
0.20745
0.20729
0.20714
0.20699
0.20684
0.20669
0.20655
0.20641
0.20627
0.20614
0.206
0.20587
0.20574
0.20561
0.20549
0.20536
0.20523
0.2051
0.20498
0.20485
0.20472
0.20459
0.20446
0.20432
0.20419
0.20406
0.20392
0.20378
0.20364
0.2035
0.20336
0.20321
0.20307
0.20292
0.20278
0.20263
0.20248
0.20233
0.20218
0.20204
0.20189
0.20174
0.20159
0.20144
0.2013
0.20115
0.20101
0.20086
0.20072
0.20058
0.20044
0.2003
0.20017
0.20003
0.1999
0.19977
0.19964
0.19951
0.19938
0.19926
0.19914
0.19901
0.19889
0.19877
0.19865
0.19853
0.19841
0.19829
0.19818
0.19806
0.19794
0.19782
0.19769
0.19757
0.19745
0.19733
0.1972
0.19708
0.19695
0.19682
0.1967
0.19657
0.19644
0.19631
0.19618
0.19605
0.19592
0.19579
0.19566
0.19553
0.1954
0.19527
0.19514
0.19501
0.19488
0.19475
0.19463
0.1945
0.19437
0.19425
0.19412
0.194
0.19388
0.19376
0.19364
0.19352
0.1934
0.19329
0.19317
0.19306
0.19294
0.19283
0.19272
0.1926
0.19249
0.19238
0.19227
0.19216
0.19205
0.19194
0.19183
0.19172
0.19161
0.19149
0.19138
0.19127
0.19116
0.19104
0.19093
0.19081
0.1907
0.19058
0.19047
0.19035
0.19024
0.19012
0.19
0.18989
0.18977
0.18966
0.18954
0.18942
0.18931
0.18919
0.18908
0.18896
0.18885
0.18874
0.18862
0.18851
0.1884
0.18829
0.18818
0.18807
0.18796
0.18785
0.18774
0.18764
0.18753
0.18742
0.18732
0.18722
0.18711
0.18701
0.1869
0.1868
0.1867
0.1866
0.18649
0.18639
0.18629
0.18619
0.18608
0.18598
0.18588
0.18577
0.18567
0.18557
0.18546
0.18536
0.18525
0.18515
0.18504
0.18494
0.18483
0.18473
0.18462
0.18452
0.18441
0.18431
0.18421
0.1841
0.184
0.18389
0.18379
0.18369
0.18358
0.18348
0.18338
0.18328
0.18317
0.18307
0.18297
0.18287
0.18277
0.18267
0.18257
0.18248
0.18238
0.18228
0.18218
0.18209
0.18199
0.1819
0.1818
0.18171
0.18161
0.18151
0.18142
0.18132
0.18123
0.18113
0.18104
0.18094
0.18085
0.18075
0.18066
0.18056
0.18047
0.18037
0.18028
0.18018
0.18009
0.17999
0.17989
0.1798
0.1797
0.17961
0.17951
0.17942
0.17932
0.17923
0.17913
0.17904
0.17894
0.17885
0.17875
0.17866
0.17857
0.17847
0.17838
0.17829
0.17819
0.1781
0.17801
0.17792
0.17783
0.17774
0.17765
0.17756
0.17747
0.17738
0.17729
0.1772
0.17711
0.17702
0.17694
0.17685
0.17676
0.17667
0.17658
0.17649
0.17641
0.17632
0.17623
0.17614
0.17605
0.17597
0.17588
0.17579
0.1757
0.17561
0.17553
0.17544
0.17535
0.17526
0.17517
0.17509
0.175
0.17491
0.17482
0.17474
0.17465
0.17456
0.17448
0.17439
0.1743
0.17422
0.17413
0.17404
0.17396
0.17387
0.17379
0.1737
0.17362
0.17353
0.17345
0.17337
0.17328
0.1732
0.17312
0.17303
0.17295
0.17287
0.17278
0.1727
0.17262
0.17254
0.17246
0.17237
0.17229
0.17221
0.17213
0.17205
0.17196
0.17188
0.1718
0.17172
0.17164
0.17156
0.17148
0.17139
0.17131
0.17123
0.17115
0.17107
0.17099
0.17091
0.17083
0.17074
0.17066
0.17058
0.1705
0.17042
0.17034
0.17026
0.17018
0.1701
0.17002
0.16994
0.16986
0.16978
0.16971
0.16963
0.16955
0.16947
0.16939
0.16931
0.16924
0.16916
0.16908
0.169
0.16893
0.16885
0.16877
0.1687
0.16862
0.16854
0.16847
0.16839
0.16831
0.16824
0.16816
0.16808
0.16801
0.16793
0.16786
0.16778
0.1677
0.16763
0.16755
0.16748
0.1674
0.16733
0.16725
0.16717
0.1671
0.16702
0.16695
0.16687
0.1668
0.16672
0.16665
0.16657
0.1665
0.16642
0.16635
0.16628
0.1662
0.16613
0.16605
0.16598
0.16591
0.16583
0.16576
0.16569
0.16561
0.16554
0.16547
0.1654
0.16532
0.16525
0.16518
0.16511
0.16504
0.16496
0.16489
0.16482
0.16475
0.16468
0.16461
0.16454
0.16446
0.16439
0.16432
0.16425
0.16418
0.16411
0.16404
0.16397
0.1639
0.16383
0.16375
0.16368
0.16361
0.16354
0.16347
0.1634
0.16333
0.16326
0.16319
0.16312
0.16305
0.16298
0.16291
0.16284
0.16278
0.16271
0.16264
0.16257
0.1625
0.16243
0.16236
0.16229
0.16222
0.16216
0.16209
0.16202
0.16195
0.16188
0.16182
0.16175
0.16168
0.16161
0.16155
0.16148
0.16141
0.16134
0.16128
0.16121
0.16114
0.16108
0.16101
0.16094
0.16088
0.16081
0.16074
0.16068
0.16061
0.16054
0.16048
0.16041
0.16035
0.16028
0.16021
0.16015
0.16008
0.16002
0.15995
0.15988
0.15982
0.15975
0.15969
0.15962
0.15956
0.15949
0.15943
0.15936
0.1593
0.15923
0.15917
0.1591
0.15904
0.15898
0.15891
0.15885
0.15878
0.15872
0.15865
0.15859
0.15853
0.15846
0.1584
0.15834
0.15827
0.15821
0.15815
0.15808
0.15802
0.15796
0.1579
0.15783
0.15777
0.15771
0.15764
0.15758
0.15752
0.15746
0.15739
0.15733
0.15727
0.15721
0.15715
0.15708
0.15702
0.15696
0.1569
0.15684
0.15677
0.15671
0.15665
0.15659
0.15653
0.15647
0.15641
0.15634
0.15628
0.15622
0.15616
0.1561
0.15604
0.15598
0.15592
0.15586
0.1558
0.15574
0.15568
0.15562
0.15556
0.1555
0.15544
0.15538
0.15532
0.15526
0.1552
0.15514
0.15508
0.15502
0.15496
0.1549
0.15484
0.15478
0.15472
0.15466
0.15461
0.15455
0.15449
0.15443
0.15437
0.15431
0.15425
0.15419
0.15414
0.15408
0.15402
0.15396
0.1539
0.15384
0.15379
0.15373
0.15367
0.15361
0.15355
0.1535
0.15344
0.15338
0.15332
0.15327
0.15321
0.15315
0.15309
0.15304
0.15298
0.15292
0.15287
0.15281
0.15275
0.15269
0.15264
0.15258
0.15252
0.15247
0.15241
0.15236
0.1523
0.15224
0.15219
0.15213
0.15207
0.15202
0.15196
0.15191
0.15185
0.1518
0.15174
0.15168
0.15163
0.15157
0.15152
0.15146
0.15141
0.15135
0.1513
0.15124
0.15119
0.15113
0.15108
0.15102
0.15097
0.15091
0.15086
0.1508
0.15075
0.15069
0.15064
0.15058
0.15053
0.15047
0.15042
0.15037
0.15031
0.15026
0.1502
0.15015
0.1501
0.15004
0.14999
0.14993
0.14988
0.14983
0.14977
0.14972
0.14967
0.14961
0.14956
0.14951
0.14945
0.1494
0.14935
0.14929
0.14924
0.14919
0.14914
0.14908
0.14903
0.14898
0.14893
0.14887
0.14882
0.14877
0.14872
0.14866
0.14861
0.14856
0.14851
0.14845
0.1484
0.14835
0.1483
0.14825
0.14819
0.14814
0.14809
0.14804
0.14799
0.14794
0.14788
0.14783
0.14778
0.14773
0.14768
0.14763
0.14758
0.14753
0.14747
0.14742
0.14737
0.14732
0.14727
0.14722
0.14717
0.14712
0.14707
0.14702
0.14697
0.14692
0.14687
0.14682
0.14677
0.14672
0.14667
0.14662
0.14656
0.14651
0.14646
0.14641
0.14637
0.14632
0.14627
0.14622
0.14617
0.14612
0.14607
0.14602
0.14597
0.14592
0.14587
0.14582
0.14577
0.14572
0.14567
0.14562
0.14557
0.14552
0.14548
0.14543
0.14538
0.14533
0.14528
0.14523
0.14518
0.14513
0.14509
0.14504
0.14499
0.14494
0.14489
0.14484
0.1448
0.14475
0.1447
0.14465
0.1446
0.14455
0.14451
0.14446
0.14441
0.14436
0.14432
0.14427
0.14422
0.14417
0.14412
0.14408
0.14403
0.14398
0.14393
0.14389
0.14384
0.14379
0.14375
0.1437
0.14365
0.1436
0.14356
0.14351
0.14346
0.14342
0.14337
0.14332
0.14328
0.14323
0.14318
0.14314
0.14309
0.14304
0.143
0.14295
0.1429
0.14286
0.14281
0.14276
0.14272
0.14267
0.14263
0.14258
0.14253
0.14249
0.14244
0.1424
0.14235
0.1423
0.14226
0.14221
0.14217
0.14212
0.14208
0.14203
0.14199
0.14194
0.14189
0.14185
0.1418
0.14176
0.14171
0.14167
0.14162
0.14158
0.14153
0.14149
0.14144
0.1414
0.14135
0.14131
0.14126
0.14122
0.14117
0.14113
0.14109
0.14104
0.141
0.14095
0.14091
0.14086
0.14082
0.14077
0.14073
0.14069
0.14064
0.1406
0.14055
0.14051
0.14047
0.14042
0.14038
0.14033
0.14029
0.14025
0.1402
0.14016
0.14011
0.14007
0.14003
0.13998
0.13994
0.1399
0.13985
0.13981
0.13977
0.13972
0.13968
0.13964
0.13959
0.13955
0.13951
0.13946
0.13942
0.13938
0.13934
0.13929
0.13925
0.13921
0.13916
0.13912
0.13908
0.13904
0.13899
0.13895
0.13891
0.13887
0.13882
0.13878
0.13874
0.1387
0.13865
0.13861
0.13857
0.13853
0.13849
0.13844
0.1384
0.13836
0.13832
0.13828
0.13823
0.13819
0.13815
0.13811
0.13807
0.13802
0.13798
0.13794
0.1379
0.13786
0.13782
0.13777
0.13773
0.13769
0.13765
0.13761
0.13757
0.13753
0.13749
0.13744
0.1374
0.13736
0.13732
0.13728
0.13724
0.1372
0.13716
0.13712
0.13708
0.13703
0.13699
0.13695
0.13691
0.13687
0.13683
0.13679
0.13675
0.13671
0.13667
0.13663
0.13659
0.13655
0.13651
0.13647
0.13643
0.13639
0.13635
0.13631
0.13627
0.13623
0.13619
0.13615
0.13611
0.13607
0.13603
0.13599
0.13595
0.13591
0.13587
0.13583
0.13579
0.13575
0.13571
0.13567
0.13563
0.13559
0.13555
0.13551
0.13547
0.13543
0.13539
0.13535
0.13531
0.13527
0.13523
0.1352
0.13516
0.13512
0.13508
0.13504
0.135
0.13496
0.13492
0.13488
0.13484
0.13481
0.13477
0.13473
0.13469
0.13465
0.13461
0.13457
0.13453
0.1345
0.13446
0.13442
0.13438
0.13434
0.1343
0.13427
0.13423
0.13419
0.13415
0.13411
0.13407
0.13404
0.134
0.13396
0.13392
0.13388
0.13385
0.13381
0.13377
0.13373
0.13369
0.13366
0.13362
0.13358
0.13354
0.13351
0.13347
0.13343
0.13339
0.13335
0.13332
0.13328
0.13324
0.1332
0.13317
0.13313
0.13309
0.13306
0.13302
0.13298
0.13294
0.13291
0.13287
0.13283
0.1328
0.13276
0.13272
0.13268
0.13265
0.13261
0.13257
0.13254
0.1325
0.13246
0.13243
0.13239
0.13235
0.13232
0.13228
0.13224
0.13221
0.13217
0.13213
0.1321
0.13206
0.13202
0.13199
0.13195
0.13191
0.13188
0.13184
0.13181
0.13177
0.13173
0.1317
0.13166
0.13162
0.13159
0.13155
0.13152
0.13148
0.13144
0.13141
0.13137
0.13134
0.1313
0.13126
0.13123
0.13119
0.13116
0.13112
0.13109
0.13105
0.13101
0.13098
0.13094
0.13091
0.13087
0.13084
0.1308
0.13077
0.13073
0.1307
0.13066
0.13063
0.13059
0.13055
0.13052
0.13048
0.13045
0.13041
0.13038
0.13034
0.13031
0.13027
0.13024
0.1302
0.13017
0.13013
0.1301
0.13006
0.13003
0.12999
0.12996
0.12993
0.12989
0.12986
0.12982
0.12979
0.12975
0.12972
0.12968
0.12965
0.12961
0.12958
0.12955
0.12951
0.12948
0.12944
0.12941
0.12937
0.12934
0.12931
0.12927
0.12924
0.1292
0.12917
0.12913
0.1291
0.12907
0.12903
0.129
0.12896
0.12893
0.1289
0.12886
0.12883
0.1288
0.12876
0.12873
0.12869
0.12866
0.12863
0.12859
0.12856
0.12853
0.12849
0.12846
0.12842
0.12839
0.12836
0.12832
0.12829
0.12826
0.12822
0.12819
0.12816
0.12812
0.12809
0.12806
0.12802
0.12799
0.12796
0.12793
0.12789
0.12786
0.12783
0.12779
0.12776
0.12773
0.12769
0.12766
0.12763
0.1276
0.12756
0.12753
0.1275
0.12746
0.12743
0.1274
0.12737
0.12733
0.1273
0.12727
0.12724
0.1272
0.12717
0.12714
0.12711
0.12707
0.12704
0.12701
0.12698
0.12694
0.12691
0.12688
0.12685
0.12681
0.12678
0.12675
0.12672
0.12669
0.12665
0.12662
0.12659
0.12656
0.12653
0.12649
0.12646
0.12643
0.1264
0.12637
0.12633
0.1263
0.12627
0.12624
0.12621
0.12617
0.12614
0.12611
0.12608
0.12605
0.12602
0.12598
0.12595
0.12592
0.12589
0.12586
0.12583
0.12579
0.12576
0.12573
0.1257
0.12567
0.12564
0.12561
0.12558
0.12554
0.12551
0.12548
0.12545
0.12542
0.12539
0.12536
0.12533
0.12529
0.12526
0.12523
0.1252
0.12517
0.12514
0.12511
0.12508
0.12505
0.12502
0.12498
0.12495
0.12492
0.12489
0.12486
0.12483
0.1248
0.12477
0.12474
0.12471
0.12468
0.12465
0.12462
0.12459
0.12455
0.12452
0.12449
0.12446
0.12443
0.1244
0.12437
0.12434
0.12431
0.12428
0.12425
0.12422
0.12419
0.12416
0.12413
0.1241
0.12407
0.12404
0.12401
0.12398
0.12395
0.12392
0.12389
0.12386
0.12383
0.1238
0.12377
0.12374
0.12371
0.12368
0.12365
0.12362
0.12359
0.12356
0.12353
0.1235
0.12347
0.12344
0.12341
0.12338
0.12335
0.12332
0.12329
0.12326
0.12323
0.1232
0.12317
0.12314
0.12311
0.12308
0.12306
0.12303
0.123
0.12297
0.12294
0.12291
0.12288
0.12285
0.12282
0.12279
0.12276
0.12273
0.1227
0.12267
0.12265
0.12262
0.12259
0.12256
0.12253
0.1225
0.12247
0.12244
0.12241
0.12238
0.12236
0.12233
0.1223
0.12227
0.12224
0.12221
0.12218
0.12215
0.12212
0.1221
0.12207
0.12204
0.12201
0.12198
0.12195
0.12192
0.12189
0.12187
0.12184
0.12181
0.12178
0.12175
0.12172
0.12169
0.12167
0.12164
0.12161
0.12158
0.12155
0.12152
0.1215
0.12147
0.12144
0.12141
0.12138
0.12135
0.12133
0.1213
0.12127
0.12124
0.12121
0.12119
0.12116
0.12113
0.1211
0.12107
0.12105
0.12102
0.12099
0.12096
0.12093
0.12091
0.12088
0.12085
0.12082
0.12079
0.12077
0.12074
0.12071
0.12068
0.12066
0.12063
0.1206
0.12057
0.12054
0.12052
0.12049
0.12046
0.12043
0.12041
0.12038
0.12035
0.12032
0.1203
0.12027
0.12024
0.12021
0.12019
0.12016
0.12013
0.1201
0.12008
0.12005
0.12002
0.11999
0.11997
0.11994
0.11991
0.11989
0.11986
0.11983
0.1198
0.11978
0.11975
0.11972
0.1197
0.11967
0.11964
0.11961
0.11959
0.11956
0.11953
0.11951
0.11948
0.11945
0.11943
0.1194
0.11937
0.11935
0.11932
0.11929
0.11926
0.11924
0.11921
0.11918
0.11916
0.11913
0.1191
0.11908
0.11905
0.11902
0.119
0.11897
0.11894
0.11892
0.11889
0.11887
0.11884
0.11881
0.11879
0.11876
0.11873
0.11871
0.11868
0.11865
0.11863
0.1186
0.11857
0.11855
0.11852
0.1185
0.11847
0.11844
0.11842
0.11839
0.11836
0.11834
0.11831
0.11829
0.11826
0.11823
0.11821
0.11818
0.11816
0.11813
0.1181
0.11808
0.11805
0.11803
0.118
0.11797
0.11795
0.11792
0.1179
0.11787
0.11784
0.11782
0.11779
0.11777
0.11774
0.11772
0.11769
0.11766
0.11764
0.11761
0.11759
0.11756
0.11754
0.11751
0.11748
0.11746
0.11743
0.11741
0.11738
0.11736
0.11733
0.11731
0.11728
0.11725
0.11723
0.1172
0.11718
0.11715
0.11713
0.1171
0.11708
0.11705
0.11703
0.117
0.11698
0.11695
0.11693
0.1169
0.11688
0.11685
0.11682
0.1168
0.11677
0.11675
0.11672
0.1167
0.11667
0.11665
0.11662
0.1166
0.11657
0.11655
0.11652
0.1165
0.11647
0.11645
0.11642
0.1164
0.11637
0.11635
0.11632
0.1163
0.11628
0.11625
0.11623
0.1162
0.11618
0.11615
0.11613
0.1161
0.11608
0.11605
0.11603
0.116
0.11598
0.11595
0.11593
0.1159
0.11588
0.11586
0.11583
0.11581
0.11578
0.11576
0.11573
0.11571
0.11568
0.11566
0.11564
0.11561
0.11559
0.11556
0.11554
0.11551
0.11549
0.11547
0.11544
0.11542
0.11539
0.11537
0.11534
0.11532
0.1153
0.11527
0.11525
0.11522
0.1152
0.11517
0.11515
0.11513
0.1151
0.11508
0.11505
0.11503
0.11501
0.11498
0.11496
0.11493
0.11491
0.11489
0.11486
0.11484
0.11481
0.11479
0.11477
0.11474
0.11472
0.1147
0.11467
0.11465
0.11462
0.1146
0.11458
0.11455
0.11453
0.11451
0.11448
0.11446
0.11443
0.11441
0.11439
0.11436
0.11434
0.11432
0.11429
0.11427
0.11425
0.11422
0.1142
0.11418
0.11415
0.11413
0.11411
0.11408
0.11406
0.11403
0.11401
0.11399
0.11396
0.11394
0.11392
0.11389
0.11387
0.11385
0.11382
0.1138
0.11378
0.11376
0.11373
0.11371
0.11369
0.11366
0.11364
0.11362
0.11359
0.11357
0.11355
0.11352
0.1135
0.11348
0.11345
0.11343
0.11341
0.11339
0.11336
0.11334
0.11332
0.11329
0.11327
0.11325
0.11322
0.1132
0.11318
0.11316
0.11313
0.11311
0.11309
0.11306
0.11304
0.11302
0.113
0.11297
0.11295
0.11293
0.11291
0.11288
0.11286
0.11284
0.11281
0.11279
0.11277
0.11275
0.11272
0.1127
0.11268
0.11266
0.11263
0.11261
0.11259
0.11257
0.11254
0.11252
0.1125
0.11248
0.11245
0.11243
0.11241
0.11239
0.11236
0.11234
0.11232
0.1123
0.11228
0.11225
0.11223
0.11221
0.11219
0.11216
0.11214
0.11212
0.1121
0.11208
0.11205
0.11203
0.11201
0.11199
0.11196
0.11194
0.11192
0.1119
0.11188
0.11185
0.11183
0.11181
0.11179
0.11177
0.11174
0.11172
0.1117
0.11168
0.11166
0.11163
0.11161
0.11159
0.11157
0.11155
0.11152
0.1115
0.11148
0.11146
0.11144
0.11141
0.11139
0.11137
0.11135
0.11133
0.11131
0.11128
0.11126
0.11124
0.11122
0.1112
0.11118
0.11115
0.11113
0.11111
0.11109
0.11107
0.11105
0.11102
0.111
0.11098
0.11096
0.11094
0.11092
0.1109
0.11087
0.11085
0.11083
0.11081
0.11079
0.11077
0.11074
0.11072
0.1107
0.11068
0.11066
0.11064
0.11062
0.1106
0.11057
0.11055
0.11053
0.11051
0.11049
0.11047
0.11045
0.11043
0.1104
0.11038
0.11036
0.11034
0.11032
0.1103
0.11028
0.11026
0.11023
0.11021
0.11019
0.11017
0.11015
0.11013
0.11011
0.11009
0.11007
0.11004
0.11002
0.11
0.10998
0.10996
0.10994
0.10992
0.1099
0.10988
0.10986
0.10984
0.10981
0.10979
0.10977
0.10975
0.10973
0.10971
0.10969
0.10967
0.10965
0.10963
0.10961
0.10959
0.10956
0.10954
0.10952
0.1095
0.10948
0.10946
0.10944
0.10942
0.1094
0.10938
0.10936
0.10934
0.10932
0.1093
0.10928
0.10926
0.10923
0.10921
0.10919
0.10917
0.10915
0.10913
0.10911
0.10909
0.10907
0.10905
0.10903
0.10901
0.10899
0.10897
0.10895
0.10893
0.10891
0.10889
0.10887
0.10885
0.10883
0.10881
0.10879
0.10877
0.10874
0.10872
0.1087
0.10868
0.10866
0.10864
0.10862
0.1086
0.10858
0.10856
0.10854
0.10852
0.1085
0.10848
0.10846
0.10844
0.10842
0.1084
0.10838
0.10836
0.10834
0.10832
0.1083
0.10828
0.10826
0.10824
0.10822
0.1082
0.10818
0.10816
0.10814
0.10812
0.1081
0.10808
0.10806
0.10804
0.10802
0.108
0.10798
0.10796
0.10794
0.10792
0.1079
0.10788
0.10786
0.10784
0.10782
0.1078
0.10778
0.10777
0.10775
0.10773
0.10771
0.10769
0.10767
0.10765
0.10763
0.10761
0.10759
0.10757
0.10755
0.10753
0.10751
0.10749
0.10747
0.10745
0.10743
0.10741
0.10739
0.10737
0.10735
0.10733
0.10731
0.10729
0.10728
0.10726
0.10724
0.10722
0.1072
0.10718
0.10716
0.10714
0.10712
0.1071
0.10708
0.10706
0.10704
0.10702
0.107
0.10698
0.10697
0.10695
0.10693
0.10691
0.10689
0.10687
0.10685
0.10683
0.10681
0.10679
0.10677
0.10675
0.10673
0.10672
0.1067
0.10668
0.10666
0.10664
0.10662
0.1066
0.10658
0.10656
0.10654
0.10652
0.10651
0.10649
0.10647
0.10645
0.10643
0.10641
0.10639
0.10637
0.10635
0.10633
0.10632
0.1063
0.10628
0.10626
0.10624
0.10622
0.1062
0.10618
0.10616
0.10615
0.10613
0.10611
0.10609
0.10607
0.10605
0.10603
0.10601
0.106
0.10598
0.10596
0.10594
0.10592
0.1059
0.10588
0.10586
0.10585
0.10583
0.10581
0.10579
0.10577
0.10575
0.10573
0.10571
0.1057
0.10568
0.10566
0.10564
0.10562
0.1056
0.10558
0.10557
0.10555
0.10553
0.10551
0.10549
0.10547
0.10546
0.10544
0.10542
0.1054
0.10538
0.10536
0.10534
0.10533
0.10531
0.10529
0.10527
0.10525
0.10523
0.10522
0.1052
0.10518
0.10516
0.10514
0.10512
0.10511
0.10509
0.10507
0.10505
0.10503
0.10501
0.105
0.10498
0.10496
0.10494
0.10492
0.10491
0.10489
0.10487
0.10485
0.10483
0.10481
0.1048
0.10478
0.10476
0.10474
0.10472
0.10471
0.10469
0.10467
0.10465
0.10463
0.10462
0.1046
0.10458
0.10456
0.10454
0.10453
0.10451
0.10449
0.10447
0.10445
0.10444
0.10442
0.1044
0.10438
0.10436
0.10435
0.10433
0.10431
0.10429
0.10427
0.10426
0.10424
0.10422
0.1042
0.10419
0.10417
0.10415
0.10413
0.10411
0.1041
0.10408
0.10406
0.10404
0.10403
0.10401
0.10399
0.10397
0.10395
0.10394
0.10392
0.1039
0.10388
0.10387
0.10385
0.10383
0.10381
0.1038
0.10378
0.10376
0.10374
0.10372
0.10371
0.10369
0.10367
0.10365
0.10364
0.10362
0.1036
0.10358
0.10357
0.10355
0.10353
0.10351
0.1035
0.10348
0.10346
0.10344
0.10343
0.10341
0.10339
0.10338
0.10336
0.10334
0.10332
0.10331
0.10329
0.10327
0.10325
0.10324
0.10322
0.1032
0.10318
0.10317
0.10315
0.10313
0.10312
0.1031
0.10308
0.10306
0.10305
0.10303
0.10301
0.10299
0.10298
0.10296
0.10294
0.10293
0.10291
0.10289
0.10287
0.10286
0.10284
0.10282
0.10281
0.10279
0.10277
0.10275
0.10274
0.10272
0.1027
0.10269
0.10267
0.10265
0.10263
0.10262
0.1026
0.10258
0.10257
0.10255
0.10253
0.10252
0.1025
0.10248
0.10247
0.10245
0.10243
0.10241
0.1024
0.10238
0.10236
0.10235
0.10233
0.10231
0.1023
0.10228
0.10226
0.10225
0.10223
0.10221
0.10219
0.10218
0.10216
0.10214
0.10213
0.10211
0.10209
0.10208
0.10206
0.10204
0.10203
0.10201
0.10199
0.10198
0.10196
0.10194
0.10193
0.10191
0.10189
0.10188
0.10186
0.10184
0.10183
0.10181
0.10179
0.10178
0.10176
0.10174
0.10173
0.10171
0.10169
0.10168
0.10166
0.10164
0.10163
0.10161
0.1016
0.10158
0.10156
0.10155
0.10153
0.10151
0.1015
0.10148
