0
0.00088134
0.00058066
0.0004639
0.00040066
0.00036048
0.00033248
0.00031179
0.00029586
0.00028324
0.00027303
0.00026463
0.00025764
0.00025175
0.00024677
0.00024253
0.00023891
0.00023581
0.00023316
0.00023089
0.00022896
0.00022733
0.00022596
0.00022482
0.00022389
0.00022315
0.00022258
0.00022216
0.00022189
0.00022174
0.00022172
0.00022181
0.000222
0.00022228
0.00022266
0.00022313
0.00022367
0.00022429
0.00022498
0.00022574
0.00022656
0.00022745
0.0002284
0.0002294
0.00023046
0.00023157
0.00023273
0.00023394
0.0002352
0.00023651
0.00023786
0.00023925
0.00024069
0.00024217
0.00024369
0.00024526
0.00024686
0.0002485
0.00025018
0.0002519
0.00025365
0.00025544
0.00025727
0.00025914
0.00026104
0.00026297
0.00026494
0.00026695
0.00026899
0.00027107
0.00027318
0.00027532
0.0002775
0.00027971
0.00028196
0.00028424
0.00028655
0.0002889
0.00029128
0.0002937
0.00029615
0.00029863
0.00030115
0.0003037
0.00030629
0.00030891
0.00031156
0.00031425
0.00031698
0.00031974
0.00032253
0.00032536
0.00032822
0.00033112
0.00033405
0.00033702
0.00034003
0.00034307
0.00034615
0.00034927
0.00035242
0.00035561
0.00035883
0.00036209
0.0003654
0.00036873
0.00037211
0.00037553
0.00037898
0.00038248
0.00038601
0.00038958
0.00039319
0.00039685
0.00040054
0.00040428
0.00040805
0.00041187
0.00041573
0.00041963
0.00042357
0.00042756
0.00043159
0.00043567
0.00043978
0.00044395
0.00044815
0.00045241
0.0004567
0.00046105
0.00046544
0.00046988
0.00047436
0.00047889
0.00048348
0.0004881
0.00049278
0.00049751
0.00050229
0.00050712
0.00051199
0.00051692
0.00052191
0.00052694
0.00053203
0.00053716
0.00054236
0.00054761
0.00055291
0.00055826
0.00056368
0.00056915
0.00057467
0.00058026
0.0005859
0.0005916
0.00059736
0.00060317
0.00060905
0.00061499
0.00062099
0.00062705
0.00063318
0.00063937
0.00064562
0.00065193
0.00065831
0.00066476
0.00067127
0.00067785
0.00068449
0.00069121
0.00069799
0.00070484
0.00071177
0.00071876
0.00072582
0.00073296
0.00074017
0.00074745
0.00075481
0.00076224
0.00076975
0.00077733
0.000785
0.00079274
0.00080056
0.00080845
0.00081643
0.00082449
0.00083263
0.00084086
0.00084916
0.00085756
0.00086603
0.0008746
0.00088325
0.00089198
0.00090081
0.00090973
0.00091873
0.00092783
0.00093702
0.0009463
0.00095568
0.00096515
0.00097471
0.00098438
0.00099414
0.001004
0.001014
0.001024
0.0010342
0.0010444
0.0010548
0.0010653
0.0010759
0.0010866
0.0010973
0.0011082
0.0011193
0.0011304
0.0011416
0.001153
0.0011644
0.001176
0.0011877
0.0011995
0.0012114
0.0012235
0.0012357
0.001248
0.0012604
0.0012729
0.0012856
0.0012984
0.0013113
0.0013244
0.0013376
0.0013509
0.0013644
0.0013779
0.0013917
0.0014055
0.0014195
0.0014337
0.001448
0.0014624
0.001477
0.0014917
0.0015066
0.0015216
0.0015368
0.0015521
0.0015676
0.0015832
0.001599
0.0016149
0.0016311
0.0016473
0.0016638
0.0016804
0.0016971
0.001714
0.0017311
0.0017484
0.0017659
0.0017835
0.0018013
0.0018193
0.0018374
0.0018558
0.0018743
0.001893
0.0019119
0.001931
0.0019503
0.0019697
0.0019894
0.0020092
0.0020293
0.0020496
0.00207
0.0020907
0.0021116
0.0021327
0.002154
0.0021755
0.0021972
0.0022191
0.0022413
0.0022637
0.0022863
0.0023091
0.0023322
0.0023555
0.002379
0.0024027
0.0024267
0.002451
0.0024755
0.0025002
0.0025251
0.0025504
0.0025758
0.0026016
0.0026276
0.0026538
0.0026803
0.0027071
0.0027341
0.0027614
0.002789
0.0028168
0.002845
0.0028734
0.0029021
0.0029311
0.0029603
0.0029899
0.0030198
0.0030499
0.0030804
0.0031111
0.0031422
0.0031736
0.0032053
0.0032373
0.0032696
0.0033023
0.0033352
0.0033685
0.0034022
0.0034361
0.0034704
0.0035051
0.0035401
0.0035754
0.0036111
0.0036472
0.0036836
0.0037203
0.0037575
0.003795
0.0038329
0.0038711
0.0039098
0.0039488
0.0039882
0.004028
0.0040682
0.0041088
0.0041498
0.0041912
0.004233
0.0042752
0.0043179
0.004361
0.0044045
0.0044484
0.0044928
0.0045376
0.0045828
0.0046285
0.0046747
0.0047213
0.0047684
0.0048159
0.004864
0.0049124
0.0049614
0.0050109
0.0050608
0.0051113
0.0051622
0.0052137
0.0052656
0.0053181
0.0053711
0.0054246
0.0054787
0.0055332
0.0055884
0.005644
0.0057003
0.005757
0.0058144
0.0058723
0.0059307
0.0059898
0.0060494
0.0061097
0.0061705
0.0062319
0.0062939
0.0063566
0.0064198
0.0064837
0.0065482
0.0066134
0.0066792
0.0067456
0.0068127
0.0068805
0.0069489
0.007018
0.0070878
0.0071582
0.0072294
0.0073013
0.0073738
0.0074471
0.0075211
0.0075959
0.0076713
0.0077475
0.0078245
0.0079022
0.0079807
0.0080599
0.00814
0.0082208
0.0083024
0.0083848
0.008468
0.008552
0.0086369
0.0087226
0.0088091
0.0088965
0.0089847
0.0090738
0.0091638
0.0092546
0.0093464
0.009439
0.0095326
0.009627
0.0097224
0.0098187
0.009916
0.010014
0.010113
0.010213
0.010315
0.010417
0.01052
0.010624
0.010729
0.010835
0.010942
0.01105
0.01116
0.01127
0.011381
0.011494
0.011607
0.011722
0.011838
0.011955
0.012073
0.012192
0.012312
0.012434
0.012557
0.012681
0.012806
0.012932
0.01306
0.013188
0.013318
0.01345
0.013582
0.013716
0.013851
0.013987
0.014125
0.014264
0.014405
0.014546
0.014689
0.014834
0.01498
0.015127
0.015276
0.015426
0.015577
0.01573
0.015885
0.016041
0.016198
0.016357
0.016518
0.01668
0.016843
0.017009
0.017175
0.017344
0.017514
0.017685
0.017858
0.018033
0.01821
0.018388
0.018568
0.018749
0.018933
0.019118
0.019304
0.019493
0.019683
0.019876
0.02007
0.020265
0.020463
0.020663
0.020864
0.021068
0.021273
0.02148
0.021689
0.0219
0.022114
0.022329
0.022546
0.022765
0.022986
0.02321
0.023435
0.023663
0.023892
0.024124
0.024358
0.024594
0.024833
0.025073
0.025316
0.025561
0.025809
0.026058
0.02631
0.026565
0.026821
0.027081
0.027342
0.027606
0.027872
0.028141
0.028412
0.028686
0.028963
0.029241
0.029523
0.029807
0.030094
0.030383
0.030675
0.030969
0.031267
0.031567
0.031869
0.032175
0.032483
0.032794
0.033108
0.033425
0.033745
0.034067
0.034393
0.034721
0.035052
0.035387
0.035724
0.036065
0.036408
0.036755
0.037104
0.037457
0.037813
0.038172
0.038535
0.0389
0.039269
0.039642
0.040017
0.040396
0.040778
0.041164
0.041553
0.041945
0.042341
0.04274
0.043143
0.043549
0.043959
0.044373
0.04479
0.045211
0.045635
0.046064
0.046496
0.046931
0.047371
0.047814
0.048261
0.048712
0.049167
0.049626
0.050088
0.050555
0.051025
0.0515
0.051979
0.052462
0.052949
0.05344
0.053935
0.054434
0.054938
0.055446
0.055958
0.056474
0.056995
0.05752
0.05805
0.058583
0.059122
0.059665
0.060212
0.060764
0.06132
0.061881
0.062447
0.063017
0.063592
0.064171
0.064756
0.065345
0.065939
0.066537
0.067141
0.067749
0.068362
0.06898
0.069603
0.070231
0.070864
0.071502
0.072146
0.072794
0.073447
0.074105
0.074769
0.075438
0.076112
0.076791
0.077475
0.078165
0.07886
0.079561
0.080267
0.080978
0.081694
0.082416
0.083144
0.083877
0.084615
0.08536
0.086109
0.086864
0.087625
0.088392
0.089164
0.089942
0.090725
0.091515
0.09231
0.09311
0.093917
0.094729
0.095547
0.096371
0.097201
0.098037
0.098879
0.099727
0.10058
0.10144
0.10231
0.10318
0.10405
0.10494
0.10583
0.10672
0.10763
0.10853
0.10945
0.11037
0.11129
0.11223
0.11316
0.11411
0.11506
0.11602
0.11698
0.11795
0.11893
0.11991
0.1209
0.12189
0.12289
0.1239
0.12491
0.12593
0.12696
0.12799
0.12903
0.13007
0.13112
0.13218
0.13324
0.13431
0.13539
0.13647
0.13756
0.13865
0.13975
0.14086
0.14198
0.1431
0.14422
0.14535
0.14649
0.14764
0.14879
0.14994
0.15111
0.15228
0.15345
0.15463
0.15582
0.15701
0.15821
0.15942
0.16063
0.16185
0.16307
0.1643
0.16553
0.16677
0.16802
0.16927
0.17053
0.1718
0.17307
0.17434
0.17562
0.17691
0.1782
0.1795
0.1808
0.18211
0.18343
0.18475
0.18607
0.1874
0.18874
0.19008
0.19142
0.19278
0.19413
0.19549
0.19686
0.19823
0.1996
0.20098
0.20237
0.20376
0.20515
0.20655
0.20795
0.20936
0.21077
0.21219
0.21361
0.21503
0.21646
0.21789
0.21933
0.22077
0.22221
0.22366
0.22511
0.22657
0.22802
0.22948
0.23095
0.23242
0.23389
0.23536
0.23684
0.23832
0.2398
0.24128
0.24277
0.24426
0.24575
0.24725
0.24874
0.25024
0.25174
0.25324
0.25475
0.25625
0.25776
0.25927
0.26078
0.26229
0.2638
0.26531
0.26683
0.26834
0.26986
0.27137
0.27289
0.27441
0.27592
0.27744
0.27896
0.28048
0.28199
0.28351
0.28502
0.28654
0.28805
0.28957
0.29108
0.29259
0.2941
0.29561
0.29712
0.29862
0.30013
0.30163
0.30313
0.30463
0.30613
0.30762
0.30911
0.3106
0.31209
0.31357
0.31505
0.31652
0.318
0.31947
0.32094
0.3224
0.32386
0.32531
0.32676
0.32821
0.32966
0.33109
0.33253
0.33396
0.33538
0.3368
0.33822
0.33963
0.34103
0.34243
0.34382
0.34521
0.34659
0.34797
0.34934
0.3507
0.35206
0.35341
0.35475
0.35609
0.35742
0.35875
0.36007
0.36138
0.36268
0.36398
0.36526
0.36654
0.36782
0.36908
0.37034
0.37159
0.37283
0.37406
0.37529
0.37651
0.37771
0.37891
0.38011
0.38129
0.38246
0.38362
0.38478
0.38593
0.38706
0.38819
0.38931
0.39042
0.39152
0.3926
0.39368
0.39475
0.39581
0.39686
0.3979
0.39893
0.39995
0.40096
0.40196
0.40295
0.40393
0.40489
0.40585
0.4068
0.40773
0.40866
0.40957
0.41047
0.41137
0.41225
0.41312
0.41398
0.41482
0.41566
0.41649
0.4173
0.4181
0.4189
0.41968
0.42045
0.4212
0.42195
0.42269
0.42341
0.42412
0.42482
0.42551
0.42619
0.42686
0.42751
0.42816
0.42879
0.42941
0.43002
0.43061
0.4312
0.43177
0.43233
0.43289
0.43342
0.43395
0.43447
0.43497
0.43547
0.43595
0.43642
0.43688
0.43733
0.43776
0.43819
0.4386
0.439
0.43939
0.43977
0.44014
0.4405
0.44084
0.44118
0.4415
0.44181
0.44211
0.4424
0.44268
0.44295
0.44321
0.44346
0.44369
0.44392
0.44413
0.44434
0.44453
0.44471
0.44489
0.44505
0.4452
0.44534
0.44547
0.44559
0.4457
0.4458
0.4459
0.44598
0.44605
0.44611
0.44616
0.4462
0.44623
0.44626
0.44627
0.44627
0.44627
0.44625
0.44623
0.44619
0.44615
0.4461
0.44604
0.44597
0.44589
0.44581
0.44571
0.44561
0.4455
0.44538
0.44525
0.44511
0.44496
0.44481
0.44465
0.44448
0.4443
0.44412
0.44393
0.44372
0.44352
0.4433
0.44308
0.44285
0.44261
0.44237
0.44212
0.44186
0.44159
0.44132
0.44104
0.44076
0.44047
0.44017
0.43986
0.43955
0.43923
0.43891
0.43858
0.43824
0.4379
0.43755
0.4372
0.43684
0.43648
0.43611
0.43573
0.43535
0.43496
0.43457
0.43418
0.43377
0.43337
0.43295
0.43254
0.43212
0.43169
0.43126
0.43082
0.43038
0.42994
0.42949
0.42904
0.42858
0.42812
0.42765
0.42718
0.42671
0.42623
0.42575
0.42527
0.42478
0.42429
0.42379
0.42329
0.42279
0.42229
0.42178
0.42127
0.42075
0.42023
0.41971
0.41919
0.41866
0.41813
0.4176
0.41707
0.41653
0.41599
0.41545
0.4149
0.41435
0.4138
0.41325
0.4127
0.41214
0.41158
0.41102
0.41046
0.4099
0.40933
0.40876
0.40819
0.40762
0.40705
0.40648
0.4059
0.40532
0.40474
0.40416
0.40358
0.403
0.40241
0.40183
0.40124
0.40065
0.40007
0.39948
0.39888
0.39829
0.3977
0.39711
0.39651
0.39592
0.39532
0.39472
0.39413
0.39353
0.39293
0.39233
0.39173
0.39113
0.39053
0.38993
0.38933
0.38873
0.38813
0.38753
0.38692
0.38632
0.38572
0.38512
0.38452
0.38391
0.38331
0.38271
0.38211
0.3815
0.3809
0.3803
0.3797
0.37909
0.37849
0.37789
0.37729
0.37669
0.37609
0.37549
0.37489
0.37429
0.37369
0.37309
0.37249
0.3719
0.3713
0.3707
0.37011
0.36951
0.36892
0.36832
0.36773
0.36714
0.36655
0.36596
0.36537
0.36478
0.36419
0.3636
0.36301
0.36242
0.36184
0.36125
0.36067
0.36009
0.3595
0.35892
0.35834
0.35776
0.35719
0.35661
0.35603
0.35546
0.35488
0.35431
0.35374
0.35316
0.35259
0.35203
0.35146
0.35089
0.35032
0.34976
0.3492
0.34863
0.34807
0.34751
0.34695
0.3464
0.34584
0.34528
0.34473
0.34418
0.34363
0.34308
0.34253
0.34198
0.34143
0.34089
0.34034
0.3398
0.33926
0.33872
0.33818
0.33764
0.33711
0.33657
0.33604
0.3355
0.33497
0.33444
0.33392
0.33339
0.33286
0.33234
0.33182
0.3313
0.33078
0.33026
0.32974
0.32922
0.32871
0.3282
0.32768
0.32717
0.32667
0.32616
0.32565
0.32515
0.32464
0.32414
0.32364
0.32314
0.32264
0.32215
0.32165
0.32116
0.32067
0.32018
0.31969
0.3192
0.31871
0.31823
0.31775
0.31726
0.31678
0.3163
0.31583
0.31535
0.31487
0.3144
0.31393
0.31346
0.31299
0.31252
0.31205
0.31159
0.31113
0.31066
0.3102
0.30974
0.30929
0.30883
0.30837
0.30792
0.30747
0.30702
0.30657
0.30612
0.30567
0.30523
0.30478
0.30434
0.3039
0.30346
0.30302
0.30258
0.30215
0.30171
0.30128
0.30085
0.30042
0.29999
0.29956
0.29914
0.29871
0.29829
0.29787
0.29745
0.29703
0.29661
0.29619
0.29578
0.29536
0.29495
0.29454
0.29413
0.29372
0.29331
0.29291
0.2925
0.2921
0.2917
0.2913
0.2909
0.2905
0.2901
0.28971
0.28931
0.28892
0.28853
0.28814
0.28775
0.28736
0.28698
0.28659
0.28621
0.28582
0.28544
0.28506
0.28468
0.28431
0.28393
0.28355
0.28318
0.28281
0.28244
0.28207
0.2817
0.28133
0.28096
0.2806
0.28023
0.27987
0.27951
0.27915
0.27879
0.27843
0.27807
0.27772
0.27736
0.27701
0.27665
0.2763
0.27595
0.2756
0.27526
0.27491
0.27456
0.27422
0.27388
0.27353
0.27319
0.27285
0.27251
0.27218
0.27184
0.2715
0.27117
0.27084
0.2705
0.27017
0.26984
0.26951
0.26919
0.26886
0.26853
0.26821
0.26788
0.26756
0.26724
0.26692
0.2666
0.26628
0.26596
0.26565
0.26533
0.26502
0.26471
0.26439
0.26408
0.26377
0.26346
0.26315
0.26285
0.26254
0.26224
0.26193
0.26163
0.26133
0.26102
0.26072
0.26042
0.26013
0.25983
0.25953
0.25924
0.25894
0.25865
0.25835
0.25806
0.25777
0.25748
0.25719
0.2569
0.25662
0.25633
0.25605
0.25576
0.25548
0.2552
0.25491
0.25463
0.25435
0.25407
0.25379
0.25352
0.25324
0.25297
0.25269
0.25242
0.25214
0.25187
0.2516
0.25133
0.25106
0.25079
0.25052
0.25026
0.24999
0.24972
0.24946
0.2492
0.24893
0.24867
0.24841
0.24815
0.24789
0.24763
0.24737
0.24711
0.24686
0.2466
0.24635
0.24609
0.24584
0.24559
0.24533
0.24508
0.24483
0.24458
0.24433
0.24409
0.24384
0.24359
0.24335
0.2431
0.24286
0.24261
0.24237
0.24213
0.24189
0.24164
0.2414
0.24117
0.24093
0.24069
0.24045
0.24022
0.23998
0.23974
0.23951
0.23928
0.23904
0.23881
0.23858
0.23835
0.23812
0.23789
0.23766
0.23743
0.2372
0.23698
0.23675
0.23652
0.2363
0.23608
0.23585
0.23563
0.23541
0.23518
0.23496
0.23474
0.23452
0.2343
0.23409
0.23387
0.23365
0.23343
0.23322
0.233
0.23279
0.23257
0.23236
0.23215
0.23193
0.23172
0.23151
0.2313
0.23109
0.23088
0.23067
0.23046
0.23026
0.23005
0.22984
0.22964
0.22943
0.22923
0.22902
0.22882
0.22861
0.22841
0.22821
0.22801
0.22781
0.22761
0.22741
0.22721
0.22701
0.22681
0.22661
0.22642
0.22622
0.22602
0.22583
0.22563
0.22544
0.22525
0.22505
0.22486
0.22467
0.22448
0.22428
0.22409
0.2239
0.22371
0.22352
0.22334
0.22315
0.22296
0.22277
0.22259
0.2224
0.22221
0.22203
0.22184
0.22166
0.22148
0.22129
0.22111
0.22093
0.22074
0.22056
0.22038
0.2202
0.22002
0.21984
0.21966
0.21948
0.21931
0.21913
0.21895
0.21877
0.2186
0.21842
0.21825
0.21807
0.2179
0.21772
0.21755
0.21738
0.2172
0.21703
0.21686
0.21669
0.21652
0.21635
0.21618
0.21601
0.21584
0.21567
0.2155
0.21533
0.21516
0.215
0.21483
0.21466
0.2145
0.21433
0.21417
0.214
0.21384
0.21367
0.21351
0.21335
0.21318
0.21302
0.21286
0.2127
0.21254
0.21237
0.21221
0.21205
0.21189
0.21173
0.21158
0.21142
0.21126
0.2111
0.21094
0.21079
0.21063
0.21047
0.21032
0.21016
0.21001
0.20985
0.2097
0.20954
0.20939
0.20924
0.20908
0.20893
0.20878
0.20863
0.20848
0.20832
0.20817
0.20802
0.20787
0.20772
0.20757
0.20742
0.20728
0.20713
0.20698
0.20683
0.20668
0.20654
0.20639
0.20624
0.2061
0.20595
0.20581
0.20566
0.20552
0.20537
0.20523
0.20508
0.20494
0.2048
0.20465
0.20451
0.20437
0.20423
0.20409
0.20394
0.2038
0.20366
0.20352
0.20338
0.20324
0.2031
0.20296
0.20283
0.20269
0.20255
0.20241
0.20227
0.20214
0.202
0.20186
0.20173
0.20159
0.20145
0.20132
0.20118
0.20105
0.20091
0.20078
0.20065
0.20051
0.20038
0.20024
0.20011
0.19998
0.19985
0.19971
0.19958
0.19945
0.19932
0.19919
0.19906
0.19893
0.1988
0.19867
0.19854
0.19841
0.19828
0.19815
0.19802
0.19789
0.19777
0.19764
0.19751
0.19738
0.19726
0.19713
0.197
0.19688
0.19675
0.19663
0.1965
0.19638
0.19625
0.19613
0.196
0.19588
0.19575
0.19563
0.19551
0.19538
0.19526
0.19514
0.19502
0.19489
0.19477
0.19465
0.19453
0.19441
0.19429
0.19417
0.19405
0.19393
0.19381
0.19369
0.19357
0.19345
0.19333
0.19321
0.19309
0.19297
0.19285
0.19274
0.19262
0.1925
0.19238
0.19227
0.19215
0.19203
0.19192
0.1918
0.19169
0.19157
0.19146
0.19134
0.19123
0.19111
0.191
0.19088
0.19077
0.19065
0.19054
0.19043
0.19031
0.1902
0.19009
0.18998
0.18986
0.18975
0.18964
0.18953
0.18942
0.1893
0.18919
0.18908
0.18897
0.18886
0.18875
0.18864
0.18853
0.18842
0.18831
0.1882
0.18809
0.18799
0.18788
0.18777
0.18766
0.18755
0.18744
0.18734
0.18723
0.18712
0.18702
0.18691
0.1868
0.1867
0.18659
0.18648
0.18638
0.18627
0.18617
0.18606
0.18596
0.18585
0.18575
0.18564
0.18554
0.18543
0.18533
0.18522
0.18512
0.18502
0.18491
0.18481
0.18471
0.18461
0.1845
0.1844
0.1843
0.1842
0.1841
0.18399
0.18389
0.18379
0.18369
0.18359
0.18349
0.18339
0.18329
0.18319
0.18309
0.18299
0.18289
0.18279
0.18269
0.18259
0.18249
0.18239
0.18229
0.18219
0.1821
0.182
0.1819
0.1818
0.1817
0.18161
0.18151
0.18141
0.18131
0.18122
0.18112
0.18102
0.18093
0.18083
0.18074
0.18064
0.18054
0.18045
0.18035
0.18026
0.18016
0.18007
0.17997
0.17988
0.17978
0.17969
0.1796
0.1795
0.17941
0.17931
0.17922
0.17913
0.17903
0.17894
0.17885
0.17876
0.17866
0.17857
0.17848
0.17839
0.17829
0.1782
0.17811
0.17802
0.17793
0.17784
0.17775
0.17765
0.17756
0.17747
0.17738
0.17729
0.1772
0.17711
0.17702
0.17693
0.17684
0.17675
0.17666
0.17657
0.17649
0.1764
0.17631
0.17622
0.17613
0.17604
0.17595
0.17587
0.17578
0.17569
0.1756
0.17551
0.17543
0.17534
0.17525
0.17517
0.17508
0.17499
0.17491
0.17482
0.17473
0.17465
0.17456
0.17447
0.17439
0.1743
0.17422
0.17413
0.17405
0.17396
0.17388
0.17379
0.17371
0.17362
0.17354
0.17345
0.17337
0.17329
0.1732
0.17312
0.17303
0.17295
0.17287
0.17278
0.1727
0.17262
0.17253
0.17245
0.17237
0.17229
0.1722
0.17212
0.17204
0.17195
0.17187
0.17179
0.1717
0.17162
0.17154
0.17146
0.17138
0.17129
0.17121
0.17113
0.17105
0.17097
0.17089
0.17081
0.17072
0.17064
0.17056
0.17048
0.1704
0.17032
0.17024
0.17016
0.17008
0.17
0.16992
0.16984
0.16977
0.16969
0.16961
0.16953
0.16945
0.16937
0.16929
0.16921
0.16914
0.16906
0.16898
0.1689
0.16882
0.16874
0.16867
0.16859
0.16851
0.16843
0.16836
0.16828
0.1682
0.16813
0.16805
0.16797
0.1679
0.16782
0.16774
0.16767
0.16759
0.16752
0.16744
0.16736
0.16729
0.16721
0.16714
0.16706
0.16699
0.16691
0.16684
0.16676
0.16669
0.16661
0.16654
0.16646
0.16639
0.16631
0.16624
0.16616
0.16609
0.16602
0.16594
0.16587
0.16579
0.16572
0.16565
0.16557
0.1655
0.16543
0.16535
0.16528
0.16521
0.16514
0.16506
0.16499
0.16492
0.16484
0.16477
0.1647
0.16463
0.16456
0.16448
0.16441
0.16434
0.16427
0.1642
0.16413
0.16405
0.16398
0.16391
0.16384
0.16377
0.1637
0.16363
0.16356
0.16349
0.16341
0.16334
0.16327
0.1632
0.16313
0.16306
0.16299
0.16292
0.16285
0.16278
0.16271
0.16264
0.16257
0.1625
0.16244
0.16237
0.1623
0.16223
0.16216
0.16209
0.16202
0.16195
0.16188
0.16181
0.16175
0.16168
0.16161
0.16154
0.16147
0.1614
0.16134
0.16127
0.1612
0.16113
0.16106
0.161
0.16093
0.16086
0.16079
0.16073
0.16066
0.16059
0.16052
0.16046
0.16039
0.16032
0.16026
0.16019
0.16012
0.16006
0.15999
0.15992
0.15986
0.15979
0.15972
0.15966
0.15959
0.15953
0.15946
0.15939
0.15933
0.15926
0.1592
0.15913
0.15907
0.159
0.15894
0.15887
0.1588
0.15874
0.15867
0.15861
0.15854
0.15848
0.15841
0.15835
0.15829
0.15822
0.15816
0.15809
0.15803
0.15796
0.1579
0.15783
0.15777
0.15771
0.15764
0.15758
0.15751
0.15745
0.15739
0.15732
0.15726
0.1572
0.15713
0.15707
0.15701
0.15694
0.15688
0.15682
0.15675
0.15669
0.15663
0.15656
0.1565
0.15644
0.15637
0.15631
0.15625
0.15619
0.15612
0.15606
0.156
0.15594
0.15587
0.15581
0.15575
0.15569
0.15563
0.15556
0.1555
0.15544
0.15538
0.15532
0.15525
0.15519
0.15513
0.15507
0.15501
0.15495
0.15488
0.15482
0.15476
0.1547
0.15464
0.15458
0.15452
0.15446
0.1544
0.15433
0.15427
0.15421
0.15415
0.15409
0.15403
0.15397
0.15391
0.15385
0.15379
0.15373
0.15367
0.15361
0.15355
0.15349
0.15342
0.15336
0.1533
0.15324
0.15318
0.15312
0.15306
0.153
0.15294
0.15288
0.15282
0.15276
0.1527
0.15264
0.15258
0.15252
0.15247
0.15241
0.15235
0.15229
0.15223
0.15217
0.15211
0.15205
0.15199
0.15193
0.15187
0.15181
0.15175
0.15169
0.15163
0.15157
0.15152
0.15146
0.1514
0.15134
0.15128
0.15122
0.15116
0.1511
0.15104
0.15098
0.15093
0.15087
0.15081
0.15075
0.15069
0.15063
0.15057
0.15051
0.15046
0.1504
0.15034
0.15028
0.15022
0.15016
0.1501
0.15005
0.14999
0.14993
0.14987
0.14981
0.14975
0.14969
0.14964
0.14958
0.14952
0.14946
0.1494
0.14934
0.14929
0.14923
0.14917
0.14911
0.14905
0.14899
0.14894
0.14888
0.14882
0.14876
0.1487
0.14864
0.14859
0.14853
0.14847
0.14841
0.14835
0.14829
0.14824
0.14818
0.14812
0.14806
0.148
0.14794
0.14789
0.14783
0.14777
0.14771
0.14765
0.14759
0.14754
0.14748
0.14742
0.14736
0.1473
0.14724
0.14719
0.14713
0.14707
0.14701
0.14695
0.14689
0.14684
0.14678
0.14672
0.14666
0.1466
0.14654
0.14648
0.14643
0.14637
0.14631
0.14625
0.14619
0.14613
0.14607
0.14601
0.14596
0.1459
0.14584
0.14578
0.14572
0.14566
0.1456
0.14554
0.14548
0.14542
0.14536
0.14531
0.14525
0.14519
0.14513
0.14507
0.14501
0.14495
0.14489
0.14483
0.14477
0.14471
0.14465
0.14459
0.14453
0.14447
0.14441
0.14435
0.14429
0.14423
0.14417
0.14411
0.14405
0.14399
0.14393
0.14387
0.14381
0.14374
0.14368
0.14362
0.14356
0.1435
0.14344
0.14338
0.14332
0.14326
0.14319
0.14313
0.14307
0.14301
0.14295
0.14289
0.14282
0.14276
0.1427
0.14264
0.14257
0.14251
0.14245
0.14239
0.14232
0.14226
0.1422
0.14213
0.14207
0.14201
0.14194
0.14188
0.14182
0.14175
0.14169
0.14162
0.14156
0.1415
0.14143
0.14137
0.1413
0.14124
0.14117
0.14111
0.14104
0.14098
0.14091
0.14084
0.14078
0.14071
0.14065
0.14058
0.14051
0.14045
0.14038
0.14031
0.14025
0.14018
0.14011
0.14004
0.13997
0.13991
0.13984
0.13977
0.1397
0.13963
0.13956
0.13949
0.13943
0.13936
0.13929
0.13922
0.13915
0.13908
0.139
0.13893
0.13886
0.13879
0.13872
0.13865
0.13858
0.1385
0.13843
0.13836
0.13829
0.13821
0.13814
0.13807
0.13799
0.13792
0.13785
0.13777
0.1377
0.13762
0.13755
0.13747
0.13739
0.13732
0.13724
0.13717
0.13709
0.13701
0.13693
0.13686
0.13678
0.1367
0.13662
0.13654
0.13646
0.13638
0.1363
0.13622
0.13614
0.13606
0.13598
0.1359
0.13582
0.13573
0.13565
0.13557
0.13548
0.1354
0.13532
0.13523
0.13515
0.13506
0.13498
0.13489
0.1348
0.13472
0.13463
0.13454
0.13446
0.13437
0.13428
0.13419
0.1341
0.13401
0.13392
0.13383
0.13374
0.13364
0.13355
0.13346
0.13337
0.13327
0.13318
0.13308
0.13299
0.13289
0.1328
0.1327
0.1326
0.13251
0.13241
0.13231
0.13221
0.13211
0.13201
0.13191
0.13181
0.13171
0.13161
0.1315
0.1314
0.1313
0.13119
0.13109
0.13098
0.13087
0.13077
0.13066
0.13055
0.13044
0.13033
0.13022
0.13011
0.13
0.12989
0.12978
0.12966
0.12955
0.12943
0.12932
0.1292
0.12908
0.12897
0.12885
0.12873
0.12861
0.12849
0.12837
0.12825
0.12812
0.128
0.12788
0.12775
0.12762
0.1275
0.12737
0.12724
0.12711
0.12698
0.12685
0.12672
0.12659
0.12645
0.12632
0.12619
0.12605
0.12591
0.12577
0.12564
0.1255
0.12535
0.12521
0.12507
0.12493
0.12478
0.12464
0.12449
0.12434
0.12419
0.12404
0.12389
0.12374
0.12359
0.12344
0.12328
0.12312
0.12297
0.12281
0.12265
0.12249
0.12233
0.12217
0.122
0.12184
0.12167
0.1215
0.12133
0.12116
0.12099
0.12082
0.12065
0.12047
0.1203
0.12012
0.11994
0.11976
0.11958
0.11939
0.11921
0.11903
0.11884
0.11865
0.11846
0.11827
0.11808
0.11788
0.11769
0.11749
0.11729
0.11709
0.11689
0.11669
0.11648
0.11628
0.11607
0.11586
0.11565
0.11544
0.11522
0.11501
0.11479
0.11457
0.11435
0.11413
0.1139
0.11368
0.11345
0.11322
0.11299
0.11275
0.11252
0.11228
0.11204
0.1118
0.11156
0.11132
0.11107
0.11082
0.11057
0.11032
0.11007
0.10981
0.10955
0.10929
0.10903
0.10876
0.1085
0.10823
0.10796
0.10769
0.10741
0.10713
0.10685
0.10657
0.10629
0.106
0.10571
0.10542
0.10513
0.10483
0.10454
0.10424
0.10393
0.10363
0.10332
0.10301
0.1027
0.10238
0.10207
0.10175
0.10142
0.1011
0.10077
0.10044
0.10011
0.099771
0.099432
0.099091
0.098747
0.0984
0.09805
0.097698
0.097342
0.096984
0.096623
0.096259
0.095892
0.095522
0.095149
0.094773
0.094395
0.094013
0.093627
0.093239
0.092848
0.092453
0.092056
0.091655
0.091251
0.090844
0.090433
0.090019
0.089602
0.089181
0.088757
0.08833
0.087899
0.087465
0.087027
0.086585
0.086141
0.085692
0.08524
0.084785
0.084325
0.083862
0.083396
0.082926
0.082451
0.081974
0.081492
0.081006
0.080517
0.080024
0.079527
0.079026
0.078521
0.078011
0.077498
0.076981
0.07646
0.075935
0.075405
0.074872
0.074334
0.073792
0.073246
0.072695
0.07214
0.071581
0.071018
0.07045
0.069877
0.069301
0.068719
0.068134
0.067543
0.066948
0.066349
0.065745
0.065136
0.064523
0.063905
0.063282
0.062655
0.062023
0.061386
0.060744
0.060097
0.059445
0.058789
0.058127
0.057461
0.056789
0.056113
0.055431
0.054745
0.054053
0.053356
0.052654
0.051947
0.051234
0.050517
0.049794
0.049066
0.048332
0.047593
0.046849
0.046099
0.045344
0.044584
0.043818
0.043046
0.042269
0.041487
0.040699
0.039905
0.039106
0.038301
0.03749
0.036674
0.035852
0.035025
0.034191
0.033352
0.032507
0.031656
0.0308
0.029937
0.029069
0.028195
0.027315
0.026429
0.025537
0.024639
0.023735
0.022825
0.021909
0.020987
0.020059
0.019125
0.018185
0.017239
0.016287
0.015328
0.014364
0.013393
0.012416
0.011433
0.010444
0.0094488
0.0084474
0.0074397
0.0064258
0.0054057
0.0043794
0.0033469
0.0023081
0.0012631
0.00021187
-0.00084561
-0.0019093
-0.0029793
-0.0040555
-0.005138
-0.0062267
-0.0073216
-0.0084228
-0.0095303
-0.010644
-0.011764
-0.01289
-0.014022
-0.015161
-0.016306
-0.017457
-0.018614
-0.019777
-0.020947
-0.022123
-0.023305
-0.024493
-0.025687
-0.026887
-0.028093
-0.029306
-0.030524
-0.031749
-0.032979
-0.034216
-0.035458
-0.036706
-0.037961
-0.039221
-0.040487
-0.041759
-0.043037
-0.04432
-0.04561
-0.046905
-0.048205
-0.049512
-0.050824
-0.052141
-0.053464
-0.054793
-0.056127
-0.057466
-0.058811
-0.060162
-0.061517
-0.062878
-0.064244
-0.065615
-0.066991
-0.068372
-0.069759
-0.07115
-0.072546
-0.073947
-0.075353
-0.076763
-0.078178
-0.079598
-0.081023
-0.082451
-0.083885
-0.085322
-0.086764
-0.08821
-0.08966
-0.091115
-0.092573
-0.094035
-0.095501
-0.096971
-0.098445
-0.099922
-0.1014
-0.10289
-0.10437
-0.10587
-0.10736
-0.10886
-0.11036
-0.11186
-0.11337
-0.11488
-0.11639
-0.1179
-0.11942
-0.12094
-0.12246
-0.12398
-0.12551
-0.12704
-0.12857
-0.1301
-0.13163
-0.13317
-0.1347
-0.13624
-0.13778
-0.13932
-0.14086
-0.1424
-0.14395
-0.14549
-0.14704
-0.14858
-0.15013
-0.15167
-0.15322
-0.15477
-0.15631
-0.15786
-0.1594
-0.16095
-0.16249
-0.16404
-0.16558
-0.16713
-0.16867
-0.17021
-0.17175
-0.17328
-0.17482
-0.17636
-0.17789
-0.17942
-0.18095
-0.18248
-0.184
-0.18552
-0.18704
-0.18856
-0.19008
-0.19159
-0.1931
-0.1946
-0.1961
-0.1976
-0.1991
-0.20059
-0.20208
-0.20356
-0.20504
-0.20652
-0.20799
-0.20946
-0.21092
-0.21238
-0.21383
-0.21528
-0.21672
-0.21816
-0.21959
-0.22102
-0.22244
-0.22385
-0.22526
-0.22667
-0.22807
-0.22946
-0.23084
-0.23222
-0.2336
-0.23496
-0.23632
-0.23767
-0.23902
-0.24036
-0.24169
-0.24301
-0.24433
-0.24564
-0.24694
-0.24823
-0.24952
-0.2508
-0.25207
-0.25333
-0.25458
-0.25582
-0.25706
-0.25829
-0.25951
-0.26071
-0.26192
-0.26311
-0.26429
-0.26546
-0.26663
-0.26778
-0.26893
-0.27007
-0.27119
-0.27231
-0.27342
-0.27451
-0.2756
-0.27668
-0.27774
-0.2788
-0.27985
-0.28088
-0.28191
-0.28293
-0.28393
-0.28493
-0.28591
-0.28688
-0.28785
-0.2888
-0.28974
-0.29067
-0.29159
-0.2925
-0.29339
-0.29428
-0.29516
-0.29602
-0.29687
-0.29771
-0.29854
-0.29936
-0.30017
-0.30097
-0.30175
-0.30253
-0.30329
-0.30404
-0.30478
-0.3055
-0.30622
-0.30693
-0.30762
-0.3083
-0.30897
-0.30963
-0.31028
-0.31091
-0.31153
-0.31215
-0.31275
-0.31334
-0.31391
-0.31448
-0.31503
-0.31558
-0.31611
-0.31663
-0.31714
-0.31763
-0.31812
-0.31859
-0.31905
-0.31951
-0.31995
-0.32037
-0.32079
-0.3212
-0.32159
-0.32197
-0.32235
-0.32271
-0.32306
-0.32339
-0.32372
-0.32404
-0.32434
-0.32464
-0.32492
-0.3252
-0.32546
-0.32571
-0.32595
-0.32618
-0.3264
-0.32661
-0.32681
-0.327
-0.32717
-0.32734
-0.3275
-0.32764
-0.32778
-0.32791
-0.32802
-0.32813
-0.32823
-0.32832
-0.32839
-0.32846
-0.32852
-0.32857
-0.3286
-0.32863
-0.32865
-0.32866
-0.32867
-0.32866
-0.32864
-0.32862
-0.32858
-0.32854
-0.32849
-0.32842
-0.32835
-0.32828
-0.32819
-0.32809
-0.32799
-0.32788
-0.32776
-0.32763
-0.3275
-0.32735
-0.3272
-0.32704
-0.32687
-0.3267
-0.32652
-0.32633
-0.32613
-0.32592
-0.32571
-0.32549
-0.32527
-0.32503
-0.32479
-0.32455
-0.32429
-0.32403
-0.32377
-0.32349
-0.32321
-0.32293
-0.32263
-0.32234
-0.32203
-0.32172
-0.3214
-0.32108
-0.32075
-0.32042
-0.32008
-0.31973
-0.31938
-0.31903
-0.31866
-0.3183
-0.31792
-0.31755
-0.31717
-0.31678
-0.31639
-0.31599
-0.31559
-0.31518
-0.31477
-0.31436
-0.31394
-0.31351
-0.31308
-0.31265
-0.31221
-0.31177
-0.31133
-0.31088
-0.31043
-0.30997
-0.30951
-0.30905
-0.30858
-0.30811
-0.30763
-0.30716
-0.30668
-0.30619
-0.3057
-0.30521
-0.30472
-0.30422
-0.30372
-0.30322
-0.30272
-0.30221
-0.3017
-0.30118
-0.30067
-0.30015
-0.29963
-0.29911
-0.29858
-0.29805
-0.29752
-0.29699
-0.29646
-0.29592
-0.29538
-0.29484
-0.2943
-0.29376
-0.29321
-0.29267
-0.29212
-0.29157
-0.29101
-0.29046
-0.2899
-0.28935
-0.28879
-0.28823
-0.28767
-0.28711
-0.28655
-0.28598
-0.28542
-0.28485
-0.28428
-0.28372
-0.28315
-0.28258
-0.28201
-0.28144
-0.28086
-0.28029
-0.27972
-0.27914
-0.27857
-0.27799
-0.27742
-0.27684
-0.27626
-0.27569
-0.27511
-0.27453
-0.27395
-0.27337
-0.2728
-0.27222
-0.27164
-0.27106
-0.27048
-0.2699
-0.26932
-0.26874
-0.26816
-0.26758
-0.26701
-0.26643
-0.26585
-0.26527
-0.26469
-0.26411
-0.26353
-0.26296
-0.26238
-0.2618
-0.26123
-0.26065
-0.26007
-0.2595
-0.25892
-0.25835
-0.25778
-0.2572
-0.25663
-0.25606
-0.25549
-0.25492
-0.25435
-0.25378
-0.25321
-0.25264
-0.25207
-0.2515
-0.25094
-0.25037
-0.24981
-0.24924
-0.24868
-0.24812
-0.24756
-0.247
-0.24644
-0.24588
-0.24532
-0.24477
-0.24421
-0.24366
-0.2431
-0.24255
-0.242
-0.24145
-0.2409
-0.24035
-0.2398
-0.23926
-0.23871
-0.23817
-0.23762
-0.23708
-0.23654
-0.236
-0.23546
-0.23492
-0.23439
-0.23385
-0.23332
-0.23278
-0.23225
-0.23172
-0.23119
-0.23067
-0.23014
-0.22961
-0.22909
-0.22857
-0.22804
-0.22752
-0.22701
-0.22649
-0.22597
-0.22546
-0.22494
-0.22443
-0.22392
-0.22341
-0.2229
-0.22239
-0.22189
-0.22138
-0.22088
-0.22038
-0.21987
-0.21938
-0.21888
-0.21838
-0.21789
-0.21739
-0.2169
-0.21641
-0.21592
-0.21543
-0.21494
-0.21446
-0.21397
-0.21349
-0.21301
-0.21253
-0.21205
-0.21157
-0.2111
-0.21062
-0.21015
-0.20968
-0.20921
-0.20874
-0.20827
-0.20781
-0.20734
-0.20688
-0.20642
-0.20596
-0.2055
-0.20504
-0.20458
-0.20413
-0.20368
-0.20322
-0.20277
-0.20233
-0.20188
-0.20143
-0.20099
-0.20054
-0.2001
-0.19966
-0.19922
-0.19878
-0.19835
-0.19791
-0.19748
-0.19705
-0.19661
-0.19619
-0.19576
-0.19533
-0.19491
-0.19448
-0.19406
-0.19364
-0.19322
-0.1928
-0.19238
-0.19197
-0.19155
-0.19114
-0.19073
-0.19032
-0.18991
-0.1895
-0.1891
-0.18869
-0.18829
-0.18789
-0.18748
-0.18709
-0.18669
-0.18629
-0.1859
-0.1855
-0.18511
-0.18472
-0.18433
-0.18394
-0.18355
-0.18316
-0.18278
-0.1824
-0.18201
-0.18163
-0.18125
-0.18087
-0.1805
-0.18012
-0.17975
-0.17937
-0.179
-0.17863
-0.17826
-0.17789
-0.17753
-0.17716
-0.1768
-0.17643
-0.17607
-0.17571
-0.17535
-0.17499
-0.17464
-0.17428
-0.17393
-0.17357
-0.17322
-0.17287
-0.17252
-0.17217
-0.17183
-0.17148
-0.17114
-0.17079
-0.17045
-0.17011
-0.16977
-0.16943
-0.16909
-0.16875
-0.16842
-0.16809
-0.16775
-0.16742
-0.16709
-0.16676
-0.16643
-0.1661
-0.16578
-0.16545
-0.16513
-0.16481
-0.16448
-0.16416
-0.16384
-0.16353
-0.16321
-0.16289
-0.16258
-0.16226
-0.16195
-0.16164
-0.16133
-0.16102
-0.16071
-0.1604
-0.16009
-0.15979
-0.15948
-0.15918
-0.15888
-0.15858
-0.15828
-0.15798
-0.15768
-0.15738
-0.15709
-0.15679
-0.1565
-0.1562
-0.15591
-0.15562
-0.15533
-0.15504
-0.15475
-0.15446
-0.15418
-0.15389
-0.15361
-0.15333
-0.15304
-0.15276
-0.15248
-0.1522
-0.15192
-0.15165
-0.15137
-0.15109
-0.15082
-0.15055
-0.15027
-0.15
-0.14973
-0.14946
-0.14919
-0.14892
-0.14865
-0.14839
-0.14812
-0.14786
-0.14759
-0.14733
-0.14707
-0.14681
-0.14655
-0.14629
-0.14603
-0.14577
-0.14552
-0.14526
-0.145
-0.14475
-0.1445
-0.14424
-0.14399
-0.14374
-0.14349
-0.14324
-0.14299
-0.14275
-0.1425
-0.14225
-0.14201
-0.14176
-0.14152
-0.14128
-0.14104
-0.14079
-0.14055
-0.14032
-0.14008
-0.13984
-0.1396
-0.13936
-0.13913
-0.13889
-0.13866
-0.13843
-0.13819
-0.13796
-0.13773
-0.1375
-0.13727
-0.13704
-0.13681
-0.13659
-0.13636
-0.13613
-0.13591
-0.13569
-0.13546
-0.13524
-0.13502
-0.13479
-0.13457
-0.13435
-0.13413
-0.13392
-0.1337
-0.13348
-0.13326
-0.13305
-0.13283
-0.13262
-0.1324
-0.13219
-0.13198
-0.13177
-0.13155
-0.13134
-0.13113
-0.13093
-0.13072
-0.13051
-0.1303
-0.13009
-0.12989
-0.12968
-0.12948
-0.12927
-0.12907
-0.12887
-0.12867
-0.12846
-0.12826
-0.12806
-0.12786
-0.12767
-0.12747
-0.12727
-0.12707
-0.12687
-0.12668
-0.12648
-0.12629
-0.12609
-0.1259
-0.12571
-0.12552
-0.12532
-0.12513
-0.12494
-0.12475
-0.12456
-0.12437
-0.12418
-0.124
-0.12381
-0.12362
-0.12344
-0.12325
-0.12307
-0.12288
-0.1227
-0.12251
-0.12233
-0.12215
-0.12197
-0.12179
-0.12161
-0.12143
-0.12125
-0.12107
-0.12089
-0.12071
-0.12053
-0.12036
-0.12018
-0.12
-0.11983
-0.11965
-0.11948
-0.1193
-0.11913
-0.11896
-0.11879
-0.11861
-0.11844
-0.11827
-0.1181
-0.11793
-0.11776
-0.11759
-0.11742
-0.11726
-0.11709
-0.11692
-0.11676
-0.11659
-0.11642
-0.11626
-0.11609
-0.11593
-0.11577
-0.1156
-0.11544
-0.11528
-0.11512
-0.11496
-0.11479
-0.11463
-0.11447
-0.11431
-0.11415
-0.114
-0.11384
-0.11368
-0.11352
-0.11337
-0.11321
-0.11305
-0.1129
-0.11274
-0.11259
-0.11243
-0.11228
-0.11213
-0.11197
-0.11182
-0.11167
-0.11152
-0.11136
-0.11121
-0.11106
-0.11091
-0.11076
-0.11061
-0.11046
-0.11032
-0.11017
-0.11002
-0.10987
-0.10973
-0.10958
-0.10943
-0.10929
-0.10914
-0.109
-0.10885
-0.10871
-0.10856
-0.10842
-0.10828
-0.10814
-0.10799
-0.10785
-0.10771
-0.10757
-0.10743
-0.10729
-0.10715
-0.10701
-0.10687
-0.10673
-0.10659
-0.10645
-0.10631
-0.10618
-0.10604
-0.1059
-0.10577
-0.10563
-0.10549
-0.10536
-0.10522
-0.10509
-0.10495
-0.10482
-0.10469
-0.10455
-0.10442
-0.10429
-0.10416
-0.10402
-0.10389
-0.10376
-0.10363
-0.1035
-0.10337
-0.10324
-0.10311
-0.10298
-0.10285
-0.10272
-0.10259
-0.10247
-0.10234
-0.10221
-0.10208
-0.10196
-0.10183
-0.1017
-0.10158
-0.10145
-0.10133
-0.1012
-0.10108
-0.10095
-0.10083
-0.10071
-0.10058
-0.10046
-0.10034
-0.10021
-0.10009
-0.099969
-0.099848
-0.099727
-0.099606
-0.099485
-0.099364
-0.099244
-0.099125
-0.099005
-0.098886
-0.098767
-0.098648
-0.09853
-0.098412
-0.098294
-0.098176
-0.098059
-0.097942
-0.097825
-0.097709
-0.097593
-0.097477
-0.097361
-0.097246
-0.097131
-0.097016
-0.096901
-0.096787
-0.096673
-0.096559
-0.096446
-0.096333
-0.09622
-0.096107
-0.095995
-0.095883
-0.095771
-0.095659
-0.095548
-0.095437
-0.095326
-0.095215
-0.095105
-0.094995
-0.094885
-0.094775
-0.094666
-0.094557
-0.094448
-0.094339
-0.094231
-0.094123
-0.094015
-0.093908
-0.0938
-0.093693
-0.093586
-0.09348
-0.093373
-0.093267
-0.093161
-0.093056
-0.09295
-0.092845
-0.09274
-0.092635
-0.092531
-0.092426
-0.092322
-0.092219
-0.092115
-0.092012
-0.091909
-0.091806
-0.091703
-0.091601
-0.091498
-0.091397
-0.091295
-0.091193
-0.091092
-0.090991
-0.09089
-0.090789
-0.090689
-0.090589
-0.090489
-0.090389
-0.090289
-0.09019
-0.090638
